26353
26357
26381
26483
26514
26525
26548
26559
26622
26636
26637
15121
15190
15191
15203
15266
15262
15372
15379
15387
15410
15435
13060
13083
13122
13148
13162
13170
13197
13288
13333
15468
15548
15555
15626
15679
15682
15762
15786
15816
15861
15859
15899
15894
15943
15966
15992
15994
16067
16098
16140
16866
16887
16917
16946
17004
17013
17003
17041
17046
17045
17069
17112
17120
17128
16218
16224
16230
16290
16288
16349
16356
16406
16421
16454
16484
17238
17264
17368
17391
17408
17476
17518
17517
17594
17655
17694
17717
17820
17884
16510
16567
16566
16578
16594
16593
16613
16628
16630
16639
16641
16692
16700
16706
16710
16730
16726
16734
16788
16794
16830
16833
16843
17952
17958
18039
18046
18107
18105
18146
18142
18152
18193
18178
18222
18242
26678
26695
26699
26760
26807
26820
26838
26857
26877
26962
18377
18391
18441
18468
18507
18584
18588
18612
18631
18684
18688
18737
18754
18779
18791
18913
18976
19072
19097
19116
19159
19183
19182
19201
19214
19242
19265
19284
19364
19380
19397
19411
19425
19430
19455
19488
19534
19539
19595
19624
19633
19627
19648
20024
20054
20093
20121
20313
20341
20335
20344
19675
19694
19731
19872
19869
19893
19908
19911
19840
19965
20000
27046
27045
27058
27114
27128
27169
27165
27186
27358
27368
27387
27381
27397
27453
27494
27548
27559
27576
27593
27603
27658
27692
27698
27710
27724
29520
29651
29742
30223
30251
30270
30314
30343
30333
30457
30471
30535
30538
30666
30689
30691
30701
30733
30779
30794
30862
30906
30977
30975
31011
31032
31043
31052
31095
31188
31209
31235
31237
32003
32186
32280
32339
32395
32416
32434
32454
32505
32535
32578
32585
32601
32615
32626
20401
20434
20506
20579
20589
20627
20635
32700
32814
32902
32914
32938
32953
32970
33698
33712
33743
33738
33759
33791
33818
33881
33898
33982
36887
36900
36898
37023
37025
37036
37044
37069
37140
28114
28115
28158
28166
28255
28268
28281
28349
28364
28367
28390
28475
28518
28552
28604
28611
28650
28659
28692
28713
28734
28779
31243
31273
31337
31345
31346
31359
31383
31442
31450
31520
31528
31599
31632
31676
31714
31763
31796
31813
31838
31849
31859
31937
32998
33018
33092
33096
33143
33135
33146
33174
33203
33208
33232
33283
33308
33357
33458
33469
33482
33550
33563
33571
33567
33592
33635
33641
33656
33684
34060
34064
34085
34118
34146
34201
34228
34238
34235
34243
34261
34262
34319
34345
34351
20721
20723
20726
20733
20741
20820
20858
20884
20896
20908
20920
20925
20980
20981
21002
21009
21052
34552
34558
34581
34590
34643
34687
34701
34813
34965
34976
35004
35012
35024
35077
35070
35071
35081
35097
35123
35150
35223
35241
35261
35292
35299
35580
35639
35668
35676
35680
35711
35715
35702
35729
35760
35767
35793
35896
35999
36024
36028
36189
36212
36209
36214
36222
36237
36266
36326
36346
36352
36372
36410
36413
36478
36510
36545
36582
36641
36728
36780
36793
36848
37267
37300
37362
37386
37427
37471
37567
37574
37607
37629
37686
37714
37756
37785
37801
38260
38289
38309
38343
38372
38399
38459
38487
38525
38596
38599
21413
21491
21487
21571
21650
21657
21655
21722
21755
21087
21091
21108
21132
21179
21187
21212
21218
21226
21248
21255
21262
22853
22857
22846
22930
22929
22975
22985
23087
23094
23091
23122
23149
23163
24258
24285
24298
24303
24386
24387
24412
24426
24458
24491
24524
24533
24570
24604
24711
24842
25275
25290
25380
25389
25402
25431
25461
25490
25508
25535
25645
25699
25731
25749
25780
25848
25916
25940
25947
25981
25983
26007
26026
26029
26127
26143
26171
26180
26186
26204
26206
26215
26236
26290
26296
26307
26316
27758
27762
27784
27791
27810
27809
27951
28009
28031
28036
28059
28068
28792
28819
28824
28847
28881
28909
28923
28939
28988
29003
29138
29152
29165
29206
29217
29301
29328
29418
29472
21763
21900
21906
21962
22006
22073
29845
29888
29911
29915
29958
29974
29987
30011
30066
30146
37971
37969
38074
38112
38131
38166
38174
38185
38239
38629
38655
38662
38697
38703
38739
38764
38778
38792
38788
38816
38811
38856
38919
38940
39031
39034
39038
39090
39105
39104
39116
39198
39243
39259
39256
39281
39414
39437
39444
39454
39514
39559
39573
39639
39674
39726
39833
39881
39895
39900
39902
39929
39964
39971
39995
23216
23293
23297
23332
23343
23352
23405
23430
23466
23487
23491
22506
22525
22532
22583
22591
22585
22582
22621
22699
43
59
107
105
181
168
296
363
380
398
433
521
544
572
597
623
639
661
687
22147
22161
22190
22194
22224
22274
22285
22289
22371
22385
22399
22448
714
769
790
883
892
1064
1140
1147
1157
1201
1223
1293
1325
1373
1759
1772
1779
1775
1812
1820
1828
1879
1891
1903
1926
1959
1971
1988
2001
2097
2477
2504
2554
2580
2600
2602
2616
2625
2737
2776
2805
2804
1418
1509
1517
1570
1577
1659
1657
1689
1723
1730
2830
2927
2941
2947
2969
2988
3001
3009
3017
3063
3095
3092
3128
3155
2113
2117
2137
2140
2143
2203
2211
2297
2296
2323
2346
2382
2416
2432
3192
3188
3226
3233
3289
3340
3388
3395
3393
3439
3471
3544
3540
3687
3698
3726
3788
3859
4235
4283
4326
4336
4362
4376
4387
4422
4463
4506
4513
4529
23530
23548
23584
23591
23640
23637
23651
23694
23698
23728
23789
23814
23862
23868
3865
3888
3913
3930
3941
3994
4097
4162
4169
4575
4675
4684
4780
4814
4804
4844
5281
5295
5439
5440
5507
5516
5530
5642
5646
5657
5666
5684
5739
5776
5824
5838
5856
5914
5926
5930
5957
5966
6703
6709
6727
6726
6746
6776
6807
6843
6860
6876
6921
6920
6940
6957
6988
6978
6999
7007
7006
7019
6350
6449
6457
6459
6479
6512
6532
6579
6593
6596
6616
6620
6629
6658
7391
7411
7449
7476
7509
7600
7688
7750
7854
7862
8026
8035
7021
7041
7063
7088
7128
7166
7186
7182
7245
7262
7291
7293
7299
8104
8136
8194
8217
8239
8270
8280
8298
8317
8364
8367
23925
23959
24008
24012
24017
24178
24200
8786
8836
8891
8922
8927
8953
8997
9062
9102
9111
9541
9580
9613
9659
9663
9672
9712
9776
9782
9795
9815
8430
8441
8509
8528
8539
8542
8545
8563
8607
8666
8697
8739
8747
8770
9150
9175
9235
9266
9318
9331
9358
9386
9389
9403
9433
9832
9850
9863
9879
9891
10028
10061
10059
10064
10069
10147
10155
10161
10269
10311
10317
10333
10332
10349
10376
10438
10494
10509
10529
10545
10558
10563
10579
10598
10627
10644
10677
10706
10730
10742
10751
10806
10823
10854
10942
10955
10963
10981
11005
11014
11070
11086
11138
11174
11177
11200
4924
4959
4989
5023
5073
5075
5105
5169
5227
5255
6022
6054
6071
6104
6118
6214
6226
24983
25022
25057
25139
25217
25221
12069
12198
12271
12413
12478
12499
12517
12529
12543
12588
12609
12624
11233
11268
11377
11380
11528
11500
11510
11580
11685
11698
11756
11812
11847
11854
11857
11886
12654
12781
12783
12788
12860
12883
12898
12897
13367
13428
13459
13470
13538
13589
13675
13720
13767
13779
13803
13853
13860
13963
13983
14045
14057
14072
14092
14089
14167
14186
14238
14276
14282
14293
14294
14343
14357
14351
14375
14402
14401
14410
14432
14443
14541
14574
14651
14655
14698
14702
14775
14826
14955
14975
15013
15006
15069
