3646
3663
3709
3785
3809
3826
3852
3896
3898
3945
3955
31828
31839
31871
31997
32007
32079
32114
32129
38643
38644
38665
38749
38783
38821
38841
38840
38885
38926
38985
25751
25755
25794
25799
25816
25851
25911
25934
25951
25974
27444
27489
27702
27701
27730
27795
29614
29677
29718
29720
29729
29738
29757
29761
29863
29867
29893
29925
29936
29985
30007
30046
30053
30051
30060
30078
30136
30252
30277
30282
30299
30336
30411
30409
30405
30454
30475
30485
30526
30540
30617
30633
33593
33796
33885
33893
35402
35429
35430
35476
35551
35573
35624
35629
35669
35662
37197
37200
37209
37230
37234
37260
37253
37384
37427
37475
37496
37536
4073
4071
4100
4104
4132
4134
4178
4198
4287
4305
4314
4331
11954
11959
12003
12061
12062
12102
12107
12125
12212
32862
32901
32922
32960
32956
32987
32990
33063
33102
33129
33152
33205
33207
39368
39434
39449
39446
39468
39491
39497
39594
39610
39628
39637
39655
5443
5477
5513
5549
5638
5642
5652
5665
5714
10477
10479
10525
10612
10640
10646
10660
10662
10674
10718
10727
10771
10802
10812
12293
12310
12346
12357
12527
12593
14110
14123
14162
14164
14193
14187
14199
14204
14236
14255
14290
14337
14374
14393
15302
15307
15341
15344
15398
15450
15468
15510
17849
17998
6241
6267
6459
6470
6496
18060
18100
18139
18135
18157
18163
18293
18361
18371
18365
18379
27076
27184
27281
27343
27371
27367
27379
27424
24633
24726
24753
24775
24790
24818
24833
24842
24836
24848
24863
24876
30713
30728
30756
30912
30942
31009
31043
31068
31082
31172
31217
31268
31306
31320
31350
31365
32143
32147
32190
32185
32201
32197
32213
32214
32231
32227
32270
32301
32351
32409
32455
33232
33309
33355
33416
33441
33479
33506
36469
36490
36488
36493
36559
36600
36631
36691
36728
36745
36774
36860
36930
36944
36969
37009
37058
37063
37075
37104
37126
37151
37158
37166
38331
38443
38452
38997
39054
39064
39071
39097
39172
39176
39202
39249
39261
39269
39289
39311
39313
57
82
98
114
116
200
211
244
254
285
32519
32522
32546
32597
32631
32652
32665
32698
32738
32831
386
443
480
538
534
552
579
596
606
622
628
643
701
1084
1097
1100
1211
1259
1339
1387
1435
1906
1918
1952
2030
2042
2050
2128
2140
3007
3012
3061
3129
3151
3175
3201
3211
3239
3307
3377
3400
3396
3405
3427
3451
3474
3498
3553
3593
3586
4343
4346
4376
4407
4410
4441
4446
4529
4548
4599
4651
4665
4688
5061
5089
5090
5144
5190
5193
5220
5289
5354
6866
6895
6912
6962
7001
7000
7028
7071
7077
7115
7131
7132
7224
7222
7240
7300
7307
7363
7385
7431
7437
7464
7485
7487
7534
8382
8453
8515
8613
7952
7990
8005
8025
8060
8085
8113
8151
8218
8210
8697
8802
8909
8920
8939
8979
9408
9505
9539
9545
9625
9637
9683
9701
9718
10927
10936
10978
11007
11041
11112
11141
11172
11205
11212
11284
11303
11335
11337
11339
11344
11358
11403
11455
11476
11543
11601
11623
11618
11646
11652
11849
11871
11902
12647
12650
12655
12659
12669
12676
12687
12764
12777
12782
12830
12836
12988
12991
13367
13393
13396
13503
13596
13766
13762
13784
13899
14035
14068
14818
14848
14895
14957
14962
14993
14992
15040
15032
15086
15094
15553
15573
15579
15596
15616
15640
15662
15740
15788
15812
15840
15838
15862
15866
31452
31463
31465
31521
31530
31592
31625
31642
31655
31665
31709
31747
16612
16719
16745
16799
16815
16828
16836
16964
16971
17001
17007
17072
17160
17173
17202
17222
17234
17285
17303
17331
17386
17406
17461
17509
17517
17620
17661
17686
18830
18825
18848
18886
18918
18932
18959
18988
19050
19069
19085
19092
19099
19514
19543
19556
19563
19566
19635
19666
19684
19718
19725
19742
19778
19784
19785
19787
19933
19965
20052
20083
20112
20139
20150
20165
20208
20216
20235
20254
20279
20305
20371
20435
20467
20490
20485
20513
20518
20522
20567
20557
20962
21165
21228
21235
21272
21298
21733
21734
22012
22017
22413
22446
22488
22546
22584
22635
22645
22656
22670
22694
22715
22723
22731
37920
37939
37944
37979
37981
37990
38007
38005
38045
38059
38068
38120
38129
38184
38189
38198
38211
38229
38231
22769
22771
22844
22856
22878
22889
22899
22915
23021
23031
23102
23106
23152
23204
23228
23252
23251
23268
23288
23369
23384
23379
23462
23473
23587
23611
23621
23656
23674
23692
23698
23841
23873
23945
23976
23996
24014
24067
24096
24129
24222
24236
24298
24315
24324
24334
24387
24406
24447
24495
24548
24546
24928
24972
24994
25006
25020
25077
25178
25230
25262
25294
25364
25373
25389
25398
25424
25483
25531
25628
25997
26054
26060
26079
26093
26102
26138
26158
26170
26181
26176
26174
26220
26229
26231
26264
26265
26409
26423
26505
26513
26550
26593
26606
26632
26712
27811
27833
27863
27866
27880
27951
28060
28058
28078
28112
28120
33954
33973
33999
34040
34127
34119
34197
34216
34248
34253
34272
34273
34283
28163
28210
28244
28465
28573
28652
28655
28676
28689
28701
28716
28758
28789
28827
28823
28835
28852
28855
28946
28980
29032
29035
29118
29127
29150
29161
29170
29180
29182
29238
34299
34305
34296
34317
34363
34362
34415
34447
34482
34493
34536
34535
34545
34604
34637
34651
34677
34674
34723
34714
34740
34775
34786
34799
34874
34896
34915
34947
34965
35006
35119
35154
35221
35253
35258
35374
35777
35815
35844
35846
35891
35969
36013
36051
36070
36080
36116
36126
36140
36188
36286
36314
36356
36370
36446
37619
37625
37650
37743
37755
37814
37802
37870
725
747
809
842
860
868
913
922
952
961
963
990
998
1031
39713
39765
39782
39828
39871
39911
39917
39928
39960
39995
1484
1507
1530
1549
1573
1619
1639
1702
2574
2602
2624
2645
2666
2700
2761
2806
2808
2843
2866
2869
2877
4704
4711
4709
4725
4754
4790
4796
4853
4948
5024
5046
5054
5816
5827
5835
5838
5889
5915
5942
6030
6508
6564
6594
6635
6650
6702
6707
6708
6727
6817
6830
7591
7599
7607
7616
7628
7643
7680
7727
7748
7757
7826
7829
7855
7885
7904
7923
9032
9050
9100
9121
9149
9215
9248
9247
9264
9333
9760
9772
9781
9849
9858
9867
9866
9870
9906
9917
9977
9989
9994
9998
10070
10125
10128
10188
10216
10329
10362
10390
13069
13112
13135
13146
13164
13207
13227
13219
13259
13261
13295
2209
2202
2308
2327
2324
2340
2365
2370
2376
2412
2421
2417
2419
2424
14448
14602
14610
14710
14744
14737
16006
16004
16030
16048
16125
16140
16168
16176
16181
16204
16224
16227
16245
16249
16281
16400
16488
16504
16534
16562
16602
18438
18444
18482
18521
18524
18672
18688
18696
18723
19299
19292
19339
19350
19388
19391
19411
19486
20601
20611
20710
20721
20724
20730
20799
20812
20858
20931
21327
21407
21448
21533
21542
21559
21573
21595
21599
21606
22035
22041
22048
22050
22075
22105
22131
22210
22224
22242
22266
22307
22332
22352
22359
26718
26799
26826
26846
26856
26867
26873
26935
26961
26969
26998
27029
27066
29278
29408
29409
29477
29502
29505
29570
29575
29593
