3977
4035
4084
4086
4162
4242
4252
35809
35853
35913
35962
35983
36031
36073
36080
36116
36146
36155
36916
36926
36927
36988
37015
37026
37103
37158
37607
37668
37702
37714
37713
37812
37855
37856
37867
37849
37927
37939
38730
38724
38766
38775
38792
38808
38827
38868
39004
39016
38365
38388
38394
38401
38469
38519
38527
38558
28328
28371
28380
28422
28424
28436
28604
39026
39051
39055
39114
39192
39234
39253
39301
39346
39491
39550
39555
39560
39566
39605
39641
39690
39709
39720
39805
39832
39834
39838
39868
39892
39980
34773
34781
34791
34793
34836
34929
34925
35011
35006
35083
34998
4659
4662
4668
4733
4742
4754
4791
4858
4879
4905
4892
5002
5009
37250
37258
37268
37310
37377
37490
37486
37491
37512
37559
26877
26945
26960
26980
27074
27087
27141
27121
27186
18336
18360
18383
18430
18443
18492
18530
18552
18551
18603
37974
38010
38106
38120
38124
38179
38186
38208
38200
38217
38238
38249
38280
5390
5513
5560
5622
5651
5674
5700
2566
2615
2633
2725
2729
2760
2775
2802
2807
2826
2860
4312
4329
4369
4413
4412
4479
4519
4624
4640
5778
5781
5825
5852
5878
5920
5954
5967
5991
6019
6016
6029
6033
6077
6101
6128
6129
6139
6219
6251
6260
6265
6263
6274
6334
6326
6421
7189
7221
7229
7273
7324
7381
7386
7389
7488
6466
6483
6547
6617
6629
6649
6684
6695
6744
6753
6789
6783
6787
6799
7531
7585
7594
7613
7634
7663
7671
7700
7730
7777
7807
7873
754
759
788
802
799
851
907
1019
8261
8278
8282
8338
8367
8392
8432
8435
8469
8492
8974
9092
9106
9199
9194
9771
9773
9902
9903
9905
9940
9939
10002
10008
10020
10024
10021
6966
6983
7005
7042
7119
7152
7879
7942
7963
7976
7991
8014
8099
8151
8157
8185
8197
9318
9392
9423
9473
9483
9553
9554
9583
9606
9614
10044
10071
10096
10166
10198
10242
10279
10306
10362
10363
10390
10425
10423
10510
10541
10580
10618
10690
10718
10722
11132
11188
11210
11231
11259
11267
11282
11330
11353
11331
11391
11420
11436
11441
11464
11515
11532
11550
11724
11739
11780
11
50
46
58
53
221
284
278
312
12220
12272
12269
12292
12310
12321
12328
12342
12377
12421
12452
12445
12466
12575
12633
12704
12716
12742
12816
12826
12840
12871
10772
10791
10804
10846
10923
10973
10990
11000
11057
11822
11883
11988
11993
12006
12039
12071
12064
12067
12091
12139
13629
13639
13654
13672
13676
13697
13708
13713
13715
13794
13822
13817
15041
15047
15110
15150
15165
15179
15182
15201
15211
15234
15297
15359
15364
15402
15409
15459
15492
15618
15713
15710
2877
2882
2949
2953
2961
2980
2995
3018
3035
3080
3146
3153
3160
3209
3222
3221
3189
12964
12966
12977
12988
13099
13101
13166
13282
13313
13372
13407
13428
13439
13576
13584
13604
1080
1087
1103
1137
1185
1226
1249
1272
1296
1308
1313
1348
1349
1365
1406
13963
13988
14009
14025
14070
14091
14106
14107
14128
14163
14266
14300
14359
14373
14443
14464
14496
14564
14576
14643
14650
14709
14729
14867
14913
14926
14947
15008
15002
15031
15765
15771
15824
15881
15890
15889
15888
15927
15953
15954
15963
15995
16015
16101
16111
16165
16169
16178
16212
16209
16262
16270
16337
16356
16864
16890
17035
17065
17118
17940
17952
17955
18043
18067
18158
18172
18212
18220
18241
696
715
16482
16517
16576
16644
16687
16708
16749
17188
17218
17277
17264
17357
17409
17429
17435
17469
1441
1528
1521
1523
1553
1569
1577
1591
1695
1698
1716
1730
17552
17626
17630
17662
17731
17740
17756
17770
17811
17836
17860
17864
18985
18979
19074
19081
19090
19212
19258
19279
19286
19309
5037
5066
5070
5105
5131
5206
5275
5342
5367
18623
18682
18692
18721
18725
18741
18730
18797
18808
18814
18819
18928
18954
18969
19345
19375
19395
19412
19435
19473
19501
19534
19557
19566
19578
19601
19632
19635
19715
19764
19780
19866
19875
19894
19890
19926
19933
20040
20146
20212
20285
20282
20290
20321
20390
20410
20512
20511
20521
20627
20720
20794
20821
20851
20860
20881
20984
21004
21028
21064
21063
21095
21119
21538
21557
21558
21555
21552
21586
21597
21644
21677
21690
21698
21767
21768
21813
21838
3305
3320
3331
3333
3396
3431
3507
3531
21867
21874
21892
21943
21954
22069
22095
22104
22175
22207
22249
22252
22292
22306
22324
22360
22370
22412
22446
22594
22620
22708
22724
22756
22758
22784
22850
22855
22894
22919
22932
22968
23026
23019
23066
23089
23134
23170
23190
23236
23260
23261
23269
21139
21170
21130
21210
21238
21301
21323
21373
21394
21420
21429
21431
21460
24349
24424
24457
24496
24600
24660
24690
24698
25486
25503
25541
25536
25557
25562
25583
25593
25599
25617
25682
25699
25741
25769
23291
23345
23364
23443
23450
23477
23539
23561
23562
23630
23645
23686
23712
23778
23818
23838
23851
23852
23848
23890
23901
23924
23939
3589
3594
3655
3677
3716
3849
3896
24707
24778
24830
24867
24872
24925
24916
24941
24935
24991
24996
25057
25820
26004
26092
26124
26137
26156
26162
26193
26197
26223
26277
26342
26351
26357
26367
26422
26443
26441
26459
26488
26492
26490
26514
26529
26549
26713
26754
26780
26827
26835
27577
27594
27676
27682
27699
27698
27740
27782
27805
27852
27843
8603
8611
8639
8635
8773
8771
8782
8788
8868
25127
25125
25151
25306
25308
25320
25391
25398
27250
27248
27260
27347
27370
27400
27450
27457
27459
27930
27947
27966
27996
28013
28113
28155
28176
28194
28211
28218
28250
28648
28712
28735
28858
28879
28925
28923
28951
1879
1896
1908
1928
1939
1945
1944
1950
1956
1998
2000
2005
1996
2073
2090
2146
29360
29373
29444
29449
29456
29491
29558
29569
29614
29645
30488
30482
30512
30517
30564
30615
30634
30645
30657
30681
30688
30693
30717
30724
30816
30849
30868
30890
30923
30945
30995
31002
31009
31053
31109
31142
30080
30096
30111
30119
30166
30179
30186
30240
30303
30407
30417
31863
31876
31900
31902
31921
31941
31970
31977
32010
32098
32111
32151
32172
32231
32287
32282
32414
32489
32486
32544
32560
32572
32937
32979
33002
33005
33070
33083
33128
33129
33158
33163
33248
33244
33250
33274
29734
29745
29746
29760
29790
29825
29904
29926
29947
29944
29959
30043
30069
31150
31211
31223
31253
31305
31322
31401
31405
31422
31466
31485
31498
31497
31529
31527
31550
31571
31596
31639
31750
31755
2262
2348
2374
2339
2416
2434
2451
33317
33406
33428
33440
33456
33476
33492
33519
33527
33599
33649
29026
29024
29044
29094
29117
29161
29237
29234
29262
29337
32675
32693
32752
32788
32793
32861
33667
33736
33801
33865
33868
33888
33939
34067
34075
34109
34218
34299
34326
34397
34405
34416
34442
34446
34540
34615
34630
34687
34694
34693
34700
34717
35113
35127
35149
35166
35163
35179
35182
35200
35222
35242
35322
35309
35363
35378
35401
35419
35434
35442
35455
35481
35578
35605
35648
35756
35771
36178
36198
36251
36244
36320
36488
36545
36620
36634
36660
36657
36734
36751
36774
36801
36821
36853
