38699
38712
38811
38837
38835
38867
38871
38897
38902
38910
38945
38965
38967
38984
38982
38987
39007
39005
39013
39022
2156
2179
2196
2202
2212
2219
2270
2277
2273
2276
2278
2287
2320
2339
2338
2352
2365
2383
2386
2394
2397
2437
2447
2443
2478
2476
2491
3599
3626
3643
3650
3658
3693
3732
3739
3749
3748
3773
3803
3817
3829
3836
3862
3870
3888
2507
2512
2536
2557
2554
2590
2617
2616
2619
2629
2634
2642
2671
2707
2710
2724
2734
2767
2780
2799
2805
2829
5736
5746
5750
5802
5798
5815
5839
5864
5872
5878
5897
5933
5963
5957
5955
5974
6057
6058
6060
6067
6809
6813
6810
6838
6851
6857
6863
6864
6875
6892
6889
6897
6898
6906
6933
6937
6951
6976
6987
6996
7020
7090
7122
7121
7133
7141
13969
13975
13986
14014
14024
14018
14033
14038
14056
14060
14067
14081
14097
14114
14116
14125
14144
14181
14207
14211
14214
14212
14236
14239
14254
14249
14256
14292
14317
14316
14327
14362
14369
14380
14381
14384
14395
14407
14442
14459
14505
14528
14536
14543
14563
14607
14611
14630
14637
14640
14644
14642
14650
14675
14680
14685
14687
14729
14741
14763
14776
14781
14782
14820
14819
14823
14827
14838
14837
14853
14874
14876
14871
14923
14932
14929
14970
14971
14985
14999
14994
14996
15008
15010
15020
15029
15033
18259
18283
18289
18301
18305
18313
18332
18354
18356
18364
18389
18375
18405
18415
18418
18423
18426
18430
18445
18502
18516
18536
18546
18555
18551
18553
18558
18557
18560
18566
18572
18599
18592
18606
18602
3949
3960
3963
3970
3977
3984
3994
3986
4015
4002
4050
4048
4052
4074
4082
4096
4107
4116
4162
4174
4196
4203
4221
4222
4224
4270
4283
4208
21854
21868
21883
21896
21934
21982
22003
22029
22041
22063
22078
22075
22084
22091
22108
22105
22114
22120
22119
22125
22137
22141
22153
22158
22166
22174
22196
23995
24003
24014
24032
24048
24065
24064
24106
24157
24156
24175
24180
24187
24209
24222
24229
24237
24232
24236
24255
24248
24259
24260
24290
24326
24338
24341
24349
24406
24418
24433
24470
24485
24512
24525
24552
24558
24553
24567
24580
24606
24623
24658
24681
26516
26599
26602
26633
26629
26636
26653
26661
26666
26677
26743
26740
26746
26759
26762
26773
26778
26789
26787
26810
26816
26823
26834
10762
10761
10769
10792
10831
10843
10892
10900
10895
10923
10941
10942
10944
10948
10952
10968
10970
10988
11014
11018
10992
11033
11039
11055
11053
11071
11067
11080
11084
11088
19697
19694
19735
19754
19774
19771
19816
19819
19824
19843
19854
19853
19862
19893
19896
19924
19916
19913
19925
19926
19950
19962
19960
19955
19953
19944
20011
20040
20044
20791
20799
20793
20811
20825
20827
20830
20831
20829
20865
20870
20944
20953
20963
21013
21010
21036
21069
21064
21077
21107
21119
21117
25430
25431
25442
25440
25438
25477
25472
25473
25495
25514
25517
25523
25526
25541
25540
25537
25549
25553
25608
25606
25621
25643
25646
25685
25719
25690
25733
25699
25748
25767
25769
25772
25775
5376
5395
5416
5433
5440
5439
5472
5476
5481
5517
5538
5558
5563
5577
5582
5581
5588
5591
5594
5605
5603
5602
5619
5624
5627
5646
5656
5673
5676
5672
5682
5693
5715
5728
27927
27930
27941
27955
27982
27989
28002
28005
28012
28047
28068
28077
28104
28102
28116
28107
28111
28121
28127
28133
28161
28158
28157
28192
28195
28190
28222
28233
28232
28242
28262
28272
28279
28282
28295
28332
28344
28341
28358
28394
28398
28431
28428
28442
28484
28499
28495
28503
28507
28516
28517
28523
28528
28542
28577
28567
28576
28590
28606
28599
28613
28610
28637
10042
10056
10066
10084
10116
10127
10134
10145
10140
10150
10162
10165
10188
10227
10268
10284
10296
10295
10334
10343
10347
10351
10358
10374
10376
30075
30080
30095
30117
30125
30123
30141
30144
30160
30192
30243
30247
30277
30274
30275
30294
30293
30301
30302
30303
30299
30318
30319
30327
30330
30334
30343
30344
30347
30363
30374
30369
30382
30402
30407
30415
30422
30805
30808
30837
30855
30856
30869
30871
30879
30872
30883
30881
30885
30896
30906
30916
30953
30980
31007
31031
31034
31042
31040
31052
31067
31080
31074
31102
31116
31128
31136
31863
31895
31893
31894
31924
31928
31934
31927
31970
31975
32019
32015
32029
32033
32052
32070
32073
32076
32099
32101
32104
32110
32115
32116
32124
32126
32128
32153
32155
32156
32176
32228
32237
32249
32250
32255
32259
32252
32278
32279
32333
32344
32337
32336
32364
32381
32394
32412
32445
32456
32487
32502
32501
32507
32517
32528
32543
32576
34371
34399
34426
34425
34431
34433
34442
34455
34479
34492
34516
34529
34525
34541
34558
34597
34605
34612
34642
34637
34665
34664
34661
34674
34686
34696
34703
34712
35088
35117
35122
35144
35158
35186
35208
35205
35212
35219
35221
35216
35235
35242
35239
35288
35298
35323
35341
35372
35383
35394
35399
35405
35407
35441
11482
11512
11518
11544
11559
11570
11585
11581
11587
11588
11613
11625
11638
11643
11651
11661
11681
11695
11709
11713
11672
11668
11739
11743
11768
11769
11778
11780
11787
36536
36529
36557
36577
36574
36588
36598
36599
36612
36619
36620
36624
36626
36632
36643
36646
36655
36659
36654
36682
36687
36698
36697
36699
36704
36714
36717
36713
36748
36761
36790
36792
36799
36808
36825
36836
36852
36846
36851
36859
37242
37246
37247
37253
37270
37272
37294
37298
37309
37314
37320
37325
37350
37398
37412
37430
37435
37446
37453
37471
37469
37477
37531
37532
37553
37558
37569
37584
37578
37586
3228
3238
3243
3249
3258
3277
3266
3303
3314
3331
3337
3353
3348
3355
3396
3401
3405
3452
3451
3454
3482
3478
3492
3503
3524
3540
3525
3548
3555
3565
4662
4669
4693
4697
4708
4788
4824
4831
4839
4845
4854
4859
4872
4890
4898
4915
4924
4935
4946
4958
4955
4980
4974
4983
5020
5027
5051
5056
5102
5113
5130
5145
5162
5177
5167
5183
5214
5238
5243
5289
5284
5292
5301
5342
6091
6087
6108
6121
6120
6135
6138
6142
6155
6161
6164
6177
6182
6186
6191
6214
6242
6253
6268
6274
6293
6296
6367
6383
6376
6412
7519
7533
7556
7566
7581
7590
7592
7610
7612
7605
7625
7649
7696
7693
7718
7727
7726
7743
7757
7758
7780
7827
7851
7868
7873
12531
12555
12571
12595
12597
12606
12607
12621
12623
12630
12633
12629
12648
12641
12649
12656
12679
12740
12732
12756
12757
12765
12777
12812
12827
12824
12837
12870
12872
8237
8268
8269
8272
8277
8282
8284
8317
8324
8327
8338
8339
8350
8356
8381
8406
8435
8461
8471
8476
8472
8522
8523
8547
8546
8579
8587
8585
8597
8607
8609
8631
8640
8655
8646
8656
8664
8680
8682
8703
8722
8730
8737
8761
8757
8795
8825
8830
8852
8858
8868
8896
8888
8895
8914
8926
8923
8938
10406
10409
10424
10447
10465
10466
10472
10475
10489
10507
10526
10524
10557
10559
10568
10579
10582
10589
10594
10599
10610
10624
10626
10635
10630
10644
10658
10657
10676
10683
10692
10690
10696
10701
10716
10730
10733
11150
11160
11178
11193
11195
11199
11245
11265
11285
11298
11319
11325
11327
11331
11347
11344
11388
11398
11434
13252
13256
13260
13262
13283
13293
13300
13301
13310
13312
13349
13352
13378
13397
13419
13434
13441
13448
13459
13475
13486
13484
13493
13497
13519
13518
13532
13542
13558
13551
13575
13580
15044
15063
15080
15091
15092
15111
15098
15158
15170
15206
15209
15199
15241
15239
15251
15255
15261
15259
15280
15297
15308
15327
15333
15340
15357
15362
15356
15371
15391
15389
16121
16122
16136
16159
16165
16173
16169
16183
16185
16212
16222
16241
16264
16273
16309
16313
16326
16333
16337
16355
16349
16364
16365
16381
16393
16402
16401
16410
16415
16423
16425
16442
16464
16468
12915
12924
12934
13011
13028
13034
13031
13048
13056
13053
13078
13068
13082
13104
13099
13189
13199
13201
13208
13218
13225
13238
16473
16482
16489
16506
16514
16523
16520
16517
16536
16554
16564
16582
16607
16612
16627
16630
16639
16666
16668
16684
16707
16712
16737
16738
16748
16751
16761
16778
16788
16798
16791
16828
16834
16845
16878
16868
16892
16902
16918
16948
16953
16960
16964
16963
16971
16997
16992
16995
16999
17035
17045
17071
17078
17076
17096
17131
17133
17148
17170
17169
17223
17228
17240
17244
17268
17279
17288
17304
17305
17313
17337
17338
17375
17379
17398
17395
17429
17428
17442
17462
17482
17473
17472
17488
17492
17508
17538
17541
17552
17554
17585
17605
17612
17620
17645
17643
17648
17651
17653
17658
17655
17662
17680
17674
17700
17704
17722
17734
17752
17762
17767
17786
17790
17800
17802
17808
17814
17831
17835
17854
17856
17869
17886
17896
17900
19337
19359
19366
19360
19381
19411
19408
19432
19447
19446
19456
19451
19487
19500
19513
19566
19569
19590
19609
19636
19647
19657
19653
19671
20051
20050
20080
20093
20091
20102
20101
20123
20129
20143
20168
20194
20203
20230
20245
20248
20258
20257
20263
20289
20362
20359
20356
20383
20391
20386
20394
20390
20400
20413
20421
20433
20460
20467
20549
20560
20581
20622
20624
20633
20643
20654
20688
20703
20709
20718
21136
21153
21166
21165
21195
21221
21214
21231
21256
21261
21266
21271
21285
21289
21295
21304
21312
21309
21316
21322
21330
21332
21350
21385
21383
21401
21411
21435
21433
21452
21449
21462
21489
21494
21505
21528
21539
21566
21571
21576
21585
21600
21597
21627
21649
21647
21674
21686
21719
21709
21717
21729
21730
21745
21768
21763
21760
21785
21799
21813
21829
21826
21832
13637
13634
13627
13647
13654
13656
13646
13658
13671
13682
13715
13753
13759
13772
13781
13821
13823
13833
13820
13868
13882
13876
13898
13902
13909
13915
13932
13926
13941
13959
22949
22972
22978
22993
22997
23006
23051
23049
23057
23054
23061
23060
23101
23113
23116
23158
23168
23173
23175
23201
23218
23224
23234
23266
23275
23273
23276
23287
23282
23313
23332
23342
23357
23352
23367
23368
23427
23445
23462
23452
23473
23472
23488
23483
23489
23499
23503
23521
23532
23552
23560
23575
23592
23611
23621
23632
23639
23646
23643
23653
23651
23671
23669
23688
23705
23750
23759
23771
23778
23784
23826
23816
23821
23824
23837
23841
23862
23883
23891
23895
23898
23910
23920
23930
23933
23947
26138
26159
26165
26158
26172
26169
26216
26226
26245
26244
26253
26264
26286
26291
26310
26325
26328
26333
26337
26334
26348
26357
26373
26378
26390
26411
26410
26416
26421
26450
26452
26464
26467
26482
26475
27220
27228
27244
27246
27251
27252
27253
27267
27285
27287
27311
27344
27376
27407
27414
27438
27434
27437
27447
27459
27465
27486
27505
27513
27528
27529
27539
27559
29008
29021
29022
29019
29135
29150
29148
29158
29167
29208
29209
29227
29258
29263
29264
29265
29275
29283
29289
29301
29303
29312
29310
29335
29338
39416
39418
39414
39436
39466
39472
39487
39492
39499
39530
39531
39543
39556
39567
39595
39618
39623
39650
39675
39674
39678
39679
39677
39686
39693
39705
39706
39720
39733
39719
39734
39729
22557
22590
22591
22625
22628
22670
22671
22711
22709
22719
22721
22720
22751
22757
22765
22769
22770
22772
22780
22778
22831
22852
22867
22862
22859
22875
22876
22882
22901
25780
25785
25815
25817
25849
25855
25878
25883
25890
25896
25897
25900
25904
25918
25913
25925
25936
25945
25992
25995
26013
26020
26043
26063
26071
26079
26076
26105
26109
26113
26117
26129
26124
32597
32607
32618
32628
32644
32679
32682
32718
32717
32726
32729
32732
32749
32759
32789
32803
32821
32827
32824
32826
32839
32847
32874
32870
32885
32859
32891
32918
27585
27590
27603
27611
27614
27629
27642
27651
27656
27661
27683
27685
27688
27712
27741
27738
27743
27751
27780
27806
27817
27835
27824
27859
27866
27912
27917
27918
28651
28673
28681
28685
28688
28721
28728
28737
28740
28739
28752
28745
28761
28755
28797
28819
28824
28845
28847
28864
28876
28881
28920
28922
28940
28980
29358
29363
29365
29398
29414
29425
29446
29447
29453
29478
29480
29501
29488
29509
29552
29579
29570
29591
29608
29618
29624
29625
29639
29640
29645
29657
29672
29687
29691
29693
29689
29701
31155
31149
31174
31212
31208
31226
31220
31240
31258
31261
31266
31284
31281
31286
31306
31321
31328
31338
31339
31343
31367
31374
31437
31467
31473
31481
31499
31506
31512
31520
31537
31539
31536
31573
31598
31617
31623
31634
31642
31684
31696
31711
31731
31764
31768
31772
31785
31810
31813
31809
31821
31856
32969
33004
33001
33014
33028
33025
33038
33067
33112
33113
33122
33144
33149
33161
33160
33169
33162
33197
33266
33284
35459
35464
35483
35485
35501
35569
35578
35589
35594
35606
35604
35614
35619
35632
35643
35682
35703
35711
35738
35751
35783
36893
36890
36897
36903
36916
36934
36939
36944
36953
36950
36966
36984
37027
37044
37103
37117
37127
37123
37140
37139
37158
37157
37174
37190
37200
37217
37218
37212
37606
37612
37615
37621
37655
37658
37667
37664
37675
37682
37694
37696
37742
37755
37761
37772
37800
37812
37831
37867
37886
37892
37915
37920
37924
37943
37947
18976
18991
19000
19011
19016
19024
19021
19028
19026
19070
19079
19071
19084
19081
19090
19100
19107
19106
19142
19173
19186
19192
19204
19226
19231
19265
19295
19302
19304
19316
19319
37958
37962
37977
37998
37997
38010
38013
38031
38054
38085
38084
38092
38120
38118
38123
38135
38134
38164
38169
38188
38214
38259
38275
38270
38279
38304
38317
38352
38363
38366
38389
38392
38400
38405
38422
38448
38468
38469
38499
38515
38514
38532
38534
38550
38551
38549
38555
38563
38595
38598
38631
38630
38653
38642
39027
39031
39032
39037
39050
39052
39076
39111
39127
39135
39136
39156
39182
39173
39203
39238
39241
39289
39280
39296
39292
39310
39314
39342
39344
39376
39371
7168
7177
7217
7215
7274
7281
7284
7292
7283
7298
7308
7320
7327
7335
7338
7344
7352
7359
7361
7388
7386
7395
7394
7389
7399
7407
7422
7425
7431
7426
7440
7460
7468
7465
7496
7494
8960
8967
8989
8997
9009
9044
9048
9092
9116
9134
9131
9170
9169
9186
9201
9216
9224
9248
9246
9266
9340
9371
9368
9372
9376
9380
9391
9398
9479
9483
9482
9491
9501
9518
9508
9512
9531
9528
9535
9562
9563
9573
9588
9594
9633
9644
9652
9665
9664
9662
9669
9678
9703
9744
9777
9779
9785
9793
9792
9799
9804
9820
9818
9830
9853
9845
9839
9866
9864
9872
9895
9906
9910
9933
9940
9939
9941
9956
9963
10022
11817
11829
11835
11852
11895
11887
11930
11951
11948
11956
11966
11978
11986
11984
11987
12010
12042
12049
12052
12064
12062
12106
12123
12155
12167
12169
18630
18636
18663
18693
18733
18765
18759
18763
18785
18796
18805
18792
18803
18801
18818
18819
18823
18825
18862
18858
18883
18878
18889
18896
18912
18930
18939
18942
18958
18961
24705
24709
24712
24728
24758
24754
24770
24775
24789
24804
24807
24814
24827
24834
24838
24840
24845
24873
24887
24901
24907
24918
24916
24938
24945
24970
24971
24995
24998
25002
25017
25023
25034
25053
26862
26869
26878
26891
26908
26907
26921
26930
26934
26935
26941
26948
26949
26972
26997
27001
27012
27005
27024
27023
27044
27077
27097
27116
27117
27132
25066
25128
25170
25252
25278
25299
25317
25326
25338
25350
25355
25367
25400
25407
34739
34761
34766
34793
34790
34808
34818
34828
34856
34857
34855
34875
34874
34895
34972
34982
35029
35030
35054
35066
39741
39757
39772
39780
39792
39804
39811
39821
39832
39826
39840
39859
39874
39890
39902
39920
39931
39934
39942
39940
39938
39974
39967
39969
39990
15
41
53
84
169
178
167
177
197
216
218
232
235
244
257
258
273
276
281
292
301
305
310
317
340
364
371
400
425
423
435
447
463
466
472
471
486
480
498
501
510
570
562
586
580
594
595
597
610
634
656
669
677
678
699
690
709
1087
1099
1109
1117
1113
1120
1124
1122
1149
1159
1195
1197
1256
1263
1266
1286
1312
1303
1332
1340
1336
1363
1388
1392
1395
1390
1415
1427
1455
1460
1477
1484
1489
1520
1523
1533
1536
1535
1550
1544
1555
1562
1583
1580
1592
1600
1602
1619
1631
1644
1663
1688
1691
1697
1701
1711
1720
1724
1726
1727
1721
1746
1754
1770
1777
1802
1868
1875
1884
1899
1928
1927
1935
1987
2016
2023
2028
2021
2042
2038
2050
2052
2067
2079
2087
2131
2136
