7542
7560
7587
7600
7599
7702
7716
7746
7771
7816
7819
7812
7822
7829
7826
38463
38481
38501
38524
38550
38598
38611
38615
38623
38636
38673
38727
38738
38743
38740
38756
38747
38765
38777
38786
38796
38812
38828
38842
38873
38902
38941
38932
39004
39024
39037
39038
39065
39063
39106
39108
39130
39123
39133
3944
3984
4009
4014
4016
4066
4060
4062
4075
4093
4106
4119
4121
4145
4175
4196
4221
4235
4227
4244
4247
4250
4990
5001
4994
4999
5007
5015
5044
5065
5089
5105
5149
5140
5148
5190
5209
5275
5277
5298
5319
5349
5341
5368
5397
5399
5405
5461
5463
5468
5470
5487
5514
5528
5556
5564
5612
5613
5614
5651
13541
13544
13549
13569
13578
13586
13587
13602
13597
13605
13630
13626
13642
13653
13684
13727
13725
13734
13737
13750
13778
13787
13774
13796
13812
13873
13874
33124
33140
33168
33184
33192
33287
33307
33314
33336
33367
33374
33423
23515
23555
23557
23571
23595
23607
23622
23627
23658
23662
23659
23682
23707
23715
23721
23789
23816
23825
23838
23843
23848
23862
23870
23906
23919
23923
23947
23948
23967
24046
24050
24076
24100
24130
24132
24171
24199
25643
25726
25741
25772
25837
25845
25898
25940
25959
25966
25973
25977
25982
7833
7858
7869
7892
7887
7895
7907
7911
7945
7938
7946
7952
7957
7954
8060
8079
8083
8089
8145
30266
30272
30297
30303
30307
30320
30363
30368
30381
30396
30417
30467
30466
30496
30536
30547
30551
30574
30599
30606
30607
30611
30609
30637
30645
30649
30669
30674
30700
30731
30735
30745
30809
30834
30861
30877
30880
30887
30894
30896
30897
30911
30946
30969
30967
37749
37763
37774
37802
37806
37814
37821
37842
37853
37868
37904
37943
37944
37953
37990
38028
38039
38085
39184
39220
39266
39270
39281
39292
39300
39329
39413
39428
39423
39432
39460
39466
39480
39491
39493
39498
39507
39877
39875
39904
39945
39960
725
742
759
770
773
793
798
905
906
913
911
907
934
931
935
943
963
960
987
990
1004
1018
1028
1041
1043
1060
2881
2891
2914
2925
2975
2977
2990
3001
3024
3071
3083
3088
3100
3102
3124
3135
3138
3155
3161
3166
3190
3191
8206
8220
8222
8306
8317
8372
8396
8430
8435
8453
8440
8475
8522
8543
8536
8542
8548
8570
8609
8634
8655
8652
8662
8670
8699
8712
8746
8753
8757
8760
8800
8817
8827
8897
8937
8961
8969
8972
8984
8991
9009
9017
9051
9055
9059
9066
9104
9180
9185
9213
9223
9228
9259
9286
9315
9317
9329
9347
9376
9378
9388
9437
9443
9466
9488
9503
9496
9562
9565
9576
9583
9599
9603
9612
9610
9637
9643
9648
9652
9696
9692
9708
9715
9713
9721
9736
9779
9785
9803
9814
9830
9828
9858
9862
9891
9901
9906
9917
9914
9908
9932
9935
9967
9962
10346
10367
10369
10408
10404
10406
10417
10431
10457
10485
10505
10507
10511
10515
10541
10567
10621
10626
10679
10676
6066
6091
6130
6146
6167
6170
6166
6174
6183
6185
6244
6249
6264
6295
6289
6379
6394
11504
11517
11527
11534
11546
11564
11561
11584
11652
11655
11679
11696
11724
11720
11727
11733
11784
11807
11825
11835
11848
11859
11865
11899
11917
11928
11926
11948
11970
12021
12060
12084
12092
12104
13183
13200
13210
13226
13227
13242
13252
13283
13297
13323
13333
13359
13358
13402
13425
13429
13441
13446
13475
13482
13491
13498
13506
14634
14690
14713
14746
14752
14749
14807
14813
14821
14870
14914
14929
14933
14942
14939
23249
23265
23270
23278
23318
23315
23326
23345
23346
23382
23392
23393
23405
23409
23377
23418
23425
23444
3575
3623
3643
3679
3695
3725
3720
3735
3746
3766
3769
3780
3795
3802
3806
3842
3850
3857
3863
3860
3881
3905
3912
3909
4303
4323
4338
4372
4381
4377
4393
4404
4410
4482
4506
4544
4562
4572
4584
4603
4627
4663
4665
4687
4716
4726
4733
4737
4743
4761
4755
4783
4812
4834
4840
4848
4865
4907
4927
4970
6767
6786
6856
6883
6932
6929
6981
6994
6999
6990
7010
7015
7012
7024
7050
7073
7083
10001
10012
10017
10026
10079
10085
10119
10124
10158
10214
10216
10220
10274
10315
1
3
17
20
8
32
106
101
121
116
123
125
153
170
176
175
226
236
262
317
327
328
356
10762
10785
10892
10885
10923
10946
10955
10977
11000
11024
11056
11074
11105
11120
11118
11117
11121
11158
11182
11217
11248
11256
11263
11311
11362
11371
12118
12147
12149
12179
12180
12191
12198
12211
12210
12242
12247
12260
12274
12276
12277
12305
12318
12327
12343
12381
12431
12465
12472
12480
12521
12531
12534
12552
12563
12572
12606
12625
12637
12640
12652
12655
12658
12674
12695
12702
12707
12763
12762
12769
12799
12798
12828
12837
12846
12900
12916
12929
12942
12945
12949
12965
12981
12985
12998
13003
13039
13040
13088
13100
13094
13097
13158
13152
13159
13162
13169
13917
13920
13984
14000
14007
13994
14058
14069
14075
14092
14090
14136
14149
14188
14198
14217
14221
15331
15337
15350
15356
15359
15380
15407
15442
15443
15467
15475
15486
15501
15509
15514
15530
15549
15563
15566
15600
15596
15612
15626
15627
15648
15652
15662
15661
16030
16066
16072
16070
16081
16086
16092
16126
16135
16149
16162
16158
16172
16174
16191
16202
16205
16212
16254
16264
16262
16291
16304
16355
16373
16465
16505
16522
16534
16544
16554
16576
16582
16581
16644
16650
16695
16730
17098
17125
17127
17138
17137
17166
17191
17198
17190
17272
17309
17360
17381
17413
17401
359
374
391
401
407
429
427
437
451
449
464
457
506
517
550
576
564
599
602
626
676
687
697
707
18173
18203
18232
18243
18302
18362
18394
18409
18417
18429
18441
18440
18501
19599
19615
19624
19648
19658
19662
19664
19691
19698
19689
19707
19708
19726
19727
19731
19748
19741
19742
19750
19784
19819
19816
19835
19845
19849
19870
19882
19876
19907
19946
19961
19968
19978
19991
20002
20012
20023
20026
20059
20064
20070
20099
20145
20143
20148
20152
20183
20215
20211
20200
20229
20199
20235
21718
21768
21794
21803
21812
21823
21828
21848
21850
21846
21861
21901
21904
21915
21942
21945
21956
22057
24217
24264
24277
24275
24286
24292
24297
24305
24306
24328
24351
24363
24377
24415
24426
24481
24480
24508
24528
24549
26716
26723
26758
26800
26832
26867
26910
26918
26937
27053
27422
27447
27466
27494
27488
27503
27528
27539
27574
27582
27603
27616
27664
27678
27643
27693
27709
27726
27731
27764
28525
28569
28612
28638
28643
28655
28674
28684
28699
28736
28760
28759
28756
28761
28790
28786
28807
28827
28825
32049
32064
32065
32083
32090
32093
32128
32211
32252
32262
32296
32302
32347
32349
32356
32358
32362
34202
34223
34237
34255
34275
34274
34272
34296
34315
34327
34326
34345
34358
34415
34406
34424
34432
34496
34506
34505
34511
1071
1080
1095
1103
1134
1161
1158
1181
1189
1282
1271
1266
1292
1299
1324
1357
1362
1408
14970
14958
14973
15033
15088
15096
15101
15114
15137
15179
15193
15204
15206
15212
15239
15244
15224
15265
15295
15299
15298
15302
16756
16757
16780
16796
16797
16799
16809
16828
16837
16841
16866
16912
16935
16950
16964
16985
16981
17001
17006
17016
17024
17064
17076
17077
19301
19305
19307
19402
19435
19438
19468
19488
19491
19513
19486
19555
19565
19573
19578
20668
20675
20695
20760
20785
20810
20815
20826
20854
20850
20852
20864
20877
20882
20908
20943
20976
21364
21370
21366
21420
21428
21462
21505
21552
21602
21612
21635
21661
21653
21670
21669
21672
21681
21688
21713
24593
24610
24639
24646
24654
24667
24686
24682
24724
24746
24783
24841
24838
24847
24852
24873
24883
24909
27078
27112
27122
27118
27133
27185
27237
27239
27261
27263
27276
27280
27283
27270
27277
27325
27392
27406
28128
28125
28149
28154
28160
28162
28192
28198
28219
28238
28228
28248
28252
28261
28266
28263
28306
28318
28316
28337
28354
28377
28384
28400
28413
28411
28420
28421
28439
28435
28473
32405
32406
32424
32430
32502
32504
32515
32573
32582
32666
32674
32690
32696
32719
32717
33825
33856
33899
33951
33978
33988
33986
34021
34022
34029
34034
34063
34076
34119
34143
34173
2173
2181
2240
2246
2253
2313
2319
2317
2328
2337
2340
2348
2369
2381
2396
2428
2440
2469
2470
2472
36314
36336
36358
36400
36408
36427
36432
36433
36451
36510
36512
36532
36605
36629
36620
38094
38100
38093
38145
38158
38189
38194
38198
38207
38217
38229
38264
38272
38292
38293
38300
38306
38314
38310
38327
38374
38378
38400
38408
34896
34903
34904
34916
34935
34964
34962
34967
34970
34982
34978
34983
34988
34998
35012
35014
35033
35044
35067
35110
35114
35125
35127
35137
35145
35155
35160
35210
35213
39535
39562
39567
39614
39610
39623
39625
39651
39703
39709
39701
39718
39737
39741
39785
39849
35968
35972
36019
36023
36045
36051
36046
36062
36064
36067
36063
36068
36078
36086
36097
36114
36145
36144
36154
36149
36163
36161
36162
36170
36197
36194
36207
36271
36272
36270
36278
36293
36301
37401
37400
37418
37445
37470
37480
37508
37507
37524
37546
37558
37594
37610
37624
37702
37715
37707
37734
29939
30021
30024
30056
30070
30083
30079
30085
30090
30101
30122
30160
30173
30184
30230
30252
18873
18904
18928
18945
18947
18950
19030
19048
19057
19068
19083
19096
19113
19114
19115
19120
19169
19172
19187
19219
19222
14256
14250
14264
14280
14318
14334
14350
14356
14410
14408
14428
14443
14451
14449
14473
14476
14483
14505
14507
14548
14572
14568
14591
17480
17487
17500
17524
17535
17548
17575
17586
17591
17647
17703
17720
17727
17731
17733
17782
17793
17794
3218
3222
3234
3228
3232
3235
3255
3271
3296
3316
3321
3328
3334
3330
3345
3363
3398
3404
3437
3446
3445
3450
3461
3483
3491
17826
17814
17831
17846
17841
17849
17864
17868
17946
17983
18014
18030
18027
18067
18079
18135
18139
18151
18534
18549
18539
18576
18591
18611
18630
18662
18665
18670
18690
18706
18742
18743
18766
18767
18808
18820
18814
18830
18837
18849
18858
20298
20329
20367
20384
20398
20406
20423
20434
20455
20463
20472
20479
20487
20508
20550
20566
20596
20647
21049
21053
21120
21122
21134
21139
21171
21205
21213
21215
21218
21228
21235
21260
21271
21308
21325
21343
21354
22078
22154
22187
22199
22215
22231
22232
22271
22280
22298
22312
22331
22332
22401
22408
22415
22428
22431
22443
22445
22452
22467
22487
22508
22512
22542
22563
22576
22566
22568
22574
22584
22596
22612
22611
22650
22644
22665
22674
22681
22687
22693
22701
22770
22810
22823
22842
22860
22896
22909
22915
22966
22975
23006
23022
23023
23019
23073
23083
23081
23102
23104
23100
23121
23136
24922
24942
24946
24953
24960
25023
25016
25024
25037
25062
25074
25106
25119
25113
25126
25136
25159
25184
25239
25248
25259
25990
26000
26005
26016
26039
26088
26116
26134
26204
26254
26262
26258
26256
26273
26283
26308
26326
26331
26324
26358
26384
26395
26411
26445
26441
26482
26515
26518
26552
26587
26593
26607
26613
26628
26645
26643
26673
26684
26690
6423
6428
6450
6459
6471
6536
6554
6558
6562
6586
6618
6630
6628
6652
6659
6698
6721
6754
6756
6759
6763
1458
1459
1474
1499
1509
1513
1516
1523
1536
1567
1565
1580
1592
1601
1607
1609
1623
1619
1617
1624
1628
1630
1642
1652
1662
1697
1720
1736
1738
1770
1777
1834
1852
1862
1875
1896
1915
1929
1937
1946
2011
2024
2067
2102
2505
2525
2527
2534
2565
2561
2587
2601
2628
2650
2664
2696
2726
2730
2750
2774
2828
2844
5697
5710
5714
5724
5736
5766
5802
5808
5813
5824
5865
5885
5893
5918
5937
5949
5959
5977
5981
6002
6016
6033
15671
15677
15727
15746
15773
15793
15836
15880
15904
15905
15936
15946
15944
15981
15986
16000
25325
25356
25354
25415
25421
25433
25436
25463
25556
25560
25616
25625
25632
25624
27771
27769
27773
27798
27807
27815
27824
27849
27860
27904
27908
27955
27966
27970
27972
28013
28034
28038
28082
28085
28105
28838
28889
28895
28884
28897
28921
28926
28976
29002
29026
29092
29086
29104
29108
29123
29128
29164
29195
29240
29266
29281
29289
29300
29320
29354
29359
29405
29413
29422
29469
29473
29500
29508
29547
29553
29552
29572
29581
29578
29619
29631
29636
29663
29715
29756
29792
29797
29798
29805
29853
29896
7138
7130
7159
7168
7183
7191
7223
7266
7252
7264
7261
7270
7269
7286
7285
7313
7320
7349
7356
7395
7432
30992
31003
31074
31087
31094
31100
31136
31140
31183
31215
31218
31221
31244
31270
31264
31274
31306
31315
31343
31355
31368
31378
31401
31435
31439
31481
31487
31496
31497
31499
31529
31555
31572
31636
31685
31702
31716
31720
31759
31762
31769
31780
31808
31837
31839
31824
31848
31861
31862
31889
31917
31956
31986
32026
32028
32786
32808
32814
32817
32829
32866
32912
32922
32943
32940
32946
32952
32967
32983
32991
32997
33008
33031
33032
33060
33065
33094
33092
33100
33485
33500
33518
33533
33547
33545
33559
33564
33581
33624
33724
33728
33748
33746
33780
33792
33784
33788
33791
33793
34623
34637
34650
34652
34665
34690
34686
34733
34737
34745
34808
34817
34814
34841
34847
34857
34867
34871
34878
35245
35250
35267
35262
35265
35273
35282
35291
35308
35311
35322
35321
35369
35398
35392
35397
35402
35422
35415
35426
35479
35490
35488
35523
35539
35538
35566
35674
35679
35721
35737
35755
35771
35783
35784
35777
35850
35862
35896
35916
35909
35917
35948
36680
36688
36714
36737
36755
36776
36815
36840
36847
36877
36914
36916
36926
36948
36962
36978
36986
36992
37025
37083
37091
37099
37140
37142
37145
37169
37199
37196
37218
37226
37234
37260
37258
37272
37314
37346
37339
37359
