28081
28119
28148
28156
28155
28168
28170
28164
28198
28199
28190
28207
28227
28232
28230
28238
28240
28285
28302
28304
28314
28323
28357
28358
28363
28386
28395
24149
24154
24151
24193
24201
24192
24203
24213
24216
24214
24211
24218
24223
24228
24232
24251
24268
24312
24323
24354
24364
24365
24376
24378
24391
24395
24399
24393
24426
24430
24433
24439
24458
24468
24475
24491
24856
24872
24877
24891
24906
24927
24951
24957
24967
24974
24993
25007
24999
25004
25017
25013
25033
25036
25072
25112
25101
25120
25158
25163
25200
25195
25198
25943
25965
25993
25999
26017
26031
26042
26050
26083
26082
26090
26102
26101
26109
26139
26180
26205
26208
26221
26231
26244
26252
26263
27717
27724
27694
27726
27750
27751
27753
27787
27811
27834
27832
27855
27862
27898
27901
27929
27944
27943
27947
27968
28014
28022
28030
28045
28038
28403
28409
28438
28445
28447
28455
28453
28473
28470
28469
28490
28505
28538
28548
28545
28541
28561
28569
28570
28573
28590
28591
28608
28615
28626
28628
28638
28659
28661
28669
28711
28731
28734
28738
30555
30553
30551
30562
30571
30595
30593
30596
30611
30631
30634
30640
30651
30674
30683
30671
30713
30706
30703
30716
30715
30727
30735
30747
30764
30771
30810
30799
30832
30835
30866
30881
31282
31324
31333
31345
31337
31364
31356
31368
31432
31440
31464
31463
31480
31530
31534
31535
31546
31542
31512
31550
31561
31581
32312
32324
32348
32360
32371
32390
32398
32416
32420
32422
32438
32452
32456
32467
32480
32486
32487
32506
32526
32522
32543
32570
32593
32590
32616
32608
32621
32641
32660
33023
33022
33045
33104
33113
33128
33132
33140
33152
33166
33177
33206
33214
33212
33221
33226
33255
33271
33298
33310
33318
33323
33334
33340
36219
36278
36291
36303
36301
36324
36383
36397
36406
36427
36442
36436
36453
36460
36500
36528
36530
36543
36534
29150
29146
29149
29162
29180
29197
29205
29214
29261
29274
29288
29335
29332
29350
29357
29399
29379
29414
29463
29462
39051
39056
39084
39095
39129
39134
39142
39163
39195
39199
39204
39221
39223
39229
39228
39236
39246
39245
39239
39258
39267
39271
39280
39284
39283
39295
39318
39323
39326
39329
39350
39367
39403
379
384
393
397
409
427
439
440
360
359
453
456
468
489
511
527
559
563
560
566
577
583
591
628
655
673
706
709
4979
4998
4994
4972
5013
5051
5084
5100
5107
5124
5134
5139
5162
5189
5195
5199
5210
5215
5239
5255
5273
5278
5288
5290
5296
5294
5317
5315
6775
6783
6794
6805
6814
6837
6828
6856
6857
6860
6881
6901
6949
6972
6974
6991
6990
6995
7011
7016
7017
7064
7074
7080
12791
12795
12828
12826
12834
12841
12846
12877
12916
12936
12949
12945
12960
12954
12952
12967
12976
12984
13013
13031
13034
13032
13044
13059
13057
13064
13066
13068
13077
13082
13090
30186
30193
30217
30244
30247
30300
30311
30328
30340
30376
30390
30400
30411
30412
30415
30421
30437
30446
30449
30451
30477
30474
30498
30493
30502
30509
30506
30522
32665
32683
32666
32704
32718
32717
32732
32746
32756
32775
32767
32784
32787
32800
32835
32877
32879
32885
32893
32900
32937
32895
32941
32960
32969
32968
32940
33008
33014
34100
34113
34118
34146
34153
34174
34190
34201
34230
34239
34250
34257
34263
34271
34277
34290
34299
34302
34311
34345
34352
34303
34359
34307
34410
34415
34424
35182
35192
35187
35185
35191
35242
35277
35290
35300
35324
35346
35355
35358
35375
35405
35409
35419
35412
35421
35407
35416
35431
35457
35464
35470
35490
35488
35507
35528
35566
35569
35576
35579
35598
35602
35629
35633
35638
35647
35685
35683
35696
35731
35721
35734
35750
35760
35759
35775
35788
35812
35838
35834
35862
35860
35877
35881
35894
35907
35920
35953
35948
35955
35970
35988
36001
35997
36034
36056
36062
36070
36069
36075
36085
36092
36100
36102
36108
36128
36119
36143
36166
36196
36210
37277
37288
37286
37318
37337
37351
37353
37360
37371
37390
37411
37425
37419
37422
37437
37455
37458
37479
37502
37498
37499
37505
37515
37512
37514
37516
37528
37538
37556
37557
37569
37583
37592
37593
37611
37662
37671
37679
37688
37722
37747
37757
37762
37772
37777
37773
37789
37785
37800
37804
37817
37842
37880
37885
37883
37902
37898
37909
37895
37905
37900
37929
37940
37947
37946
37948
37954
37972
37974
37982
26631
26628
26639
26640
26643
26653
26657
26668
26664
26656
26666
26680
26688
26695
26698
26710
26720
26733
26730
26742
26752
26763
26767
26777
26772
26785
26786
26856
26917
26925
26948
26964
26967
38356
38359
38364
38376
38398
38408
38411
38445
38453
38447
38462
38492
38500
38508
38509
38530
38537
38553
38568
38627
38636
38662
38669
38664
38689
39413
39431
39440
39436
39445
39463
39473
39481
39499
39486
39504
39526
39538
39539
39558
39587
39606
39623
39620
39630
39648
39658
39669
39667
39691
39703
39721
39725
39740
39741
39747
27348
27362
27365
27373
27385
27396
27393
27403
27343
27419
27428
27443
27458
27471
27480
27496
27505
27529
27538
27543
27551
27557
27561
27588
27582
27608
27617
27636
27634
27645
27644
27653
27660
29842
29875
29881
29888
29891
29899
29918
29917
29938
29964
29970
29979
29984
29994
30013
30018
30024
30045
30038
30053
30059
30070
30080
30090
30105
30133
30151
30146
30170
33731
33739
33767
33766
33769
33814
33818
33865
33875
33891
33906
33896
33900
33916
33934
33935
33951
33955
33973
33989
33985
33991
33997
34010
34008
34060
34077
36575
36592
36597
36619
36623
36649
36677
36689
36702
36700
36718
36716
36735
36736
36721
36754
36759
36768
36773
36782
36790
36788
36809
36817
36822
36826
36838
36843
36854
36884
36883
36839
36914
36920
36916
38002
37994
38004
38005
38010
38019
38048
38054
38069
38079
38083
38099
38122
38129
38128
38134
38143
38146
38140
38149
38152
38158
38161
38169
38174
38167
38177
38187
38195
38249
38257
38291
38303
38301
38305
38328
33372
33376
33389
33409
33451
33472
33475
33500
33514
33548
33545
33550
33557
33562
33575
33587
33581
33607
33605
33604
33612
33621
33636
33638
33654
33664
33666
33676
33706
33708
33713
38701
38710
38706
38716
38733
38732
38743
38755
38767
38808
38815
38814
38817
38829
38830
38832
38838
38843
38863
38859
38890
38895
38909
38908
38934
38946
38944
38973
38996
38997
39000
39043
39050
30889
30921
30928
30926
30938
30959
30953
30985
30978
31002
31001
30999
31009
31044
31057
31076
31091
31098
31110
31128
31134
31151
31158
31154
31160
31137
31198
31193
31207
31211
31216
31240
8532
8523
8531
8547
8552
8548
8556
8586
8594
8593
8601
8606
8619
8624
8633
8645
8656
8685
8696
8699
8707
8720
8746
8754
8762
8770
8778
8784
8809
8811
8820
8852
8855
8862
8871
28769
28784
28785
28791
28803
28811
28817
28818
28830
28756
28875
28882
28892
28883
28904
28914
28926
28932
28939
28977
29013
29023
28919
29054
29086
29079
29092
29022
29099
29110
19537
19540
19551
19552
19556
19558
19566
19574
19590
19597
19632
19644
19650
19663
19660
19668
19675
19722
19727
19734
19735
19737
19746
19775
19826
19836
19853
19863
19878
31598
31634
31651
31681
31686
31603
31694
31702
31722
31735
31755
31758
31777
31780
31791
31817
31828
31840
31849
31850
31855
31857
31892
31878
31900
31907
31928
31942
31949
31875
11010
11107
11006
11119
11137
11162
11170
11200
11210
11114
11232
11231
11233
11244
11273
11277
11304
11301
11315
11333
55
63
110
109
113
125
116
123
134
142
151
5
174
172
200
221
247
263
190
301
305
316
336
353
10655
10659
10670
10663
10671
10676
10689
10718
10726
10658
10653
10764
10771
10772
10774
10783
10790
10818
10816
10834
10828
10840
10871
10867
10866
10896
10901
10899
10909
10913
10937
10962
10973
10998
10950
34444
34438
34458
34463
34456
34464
34467
34476
34479
34495
34526
34531
34537
34527
34542
34545
34548
34552
34575
34578
34595
34609
34623
34635
34640
34657
34653
34682
34704
34722
34725
34768
34787
19906
19903
19913
19950
19953
19957
19976
19986
19984
19995
19998
20004
20012
20026
20038
20053
20052
20056
20060
20062
20094
20084
20095
20110
20124
20125
20117
20126
20133
20135
20161
20168
20175
20182
20181
20233
20139
5336
5347
5367
5376
5390
5404
5410
5411
5447
5461
5490
5516
5527
5533
5582
5615
5622
5633
5630
5636
5640
5651
5654
5668
5671
36926
36937
36969
36975
36981
36986
36988
37001
37035
37049
37072
37079
37081
37094
37108
37125
37177
37193
37205
37210
37214
37223
37237
37241
37250
37252
37256
29466
29480
29509
29521
29519
29555
29471
29575
29576
29583
29586
29615
29617
29626
29629
29635
29628
29638
29641
29647
29649
29678
29687
29694
29693
29696
29717
29722
29720
29741
29740
29742
29750
29749
29770
29806
29807
29731
29818
11362
11398
11392
11402
11411
11452
11475
11476
11483
11487
11502
11509
11530
11537
11538
11546
11553
11596
11600
11604
11623
11625
11643
11646
11684
11682
11632
11702
4631
4656
4686
4698
4690
4709
4712
4616
4751
4765
4779
4771
4778
4792
4811
4821
4840
4854
4848
4861
4880
4908
4915
4926
4947
31968
31984
31998
32007
32012
32029
32040
32047
32049
32050
32052
32066
32069
32096
32142
32144
32153
32167
32158
32192
32194
32198
32253
32250
32284
32291
8876
8881
8909
8913
8918
8935
8938
8962
9006
9031
9082
9092
9071
9104
9100
9131
9138
9146
9147
9166
9182
9192
9198
9210
9202
9218
3212
3227
3231
3235
3236
3254
3256
3272
3299
3311
3328
3336
3369
3377
3397
3393
3401
3426
3452
3459
3473
3490
3507
3509
3512
3547
3558
3585
3588
3614
3619
3661
3684
3701
3724
3758
3754
3764
3782
3794
3809
3812
3831
3865
3866
34800
34807
34813
34795
34827
34822
34829
34847
34842
34876
34883
34896
34927
34937
34939
34960
34970
34984
35001
35009
35011
35017
35013
35025
35029
35036
35038
35072
35099
35116
35119
35137
35143
35144
39762
39784
39780
39795
39801
39811
39828
39826
39841
39845
39880
39892
39905
39915
39927
39931
39940
39946
39943
39953
39992
39996
5730
5782
5783
5821
5818
5832
5838
5839
5846
5887
5880
5896
5897
5911
5913
5917
5925
5940
5946
5969
5983
5989
5996
6032
13856
13847
13846
13860
13858
13878
13890
13893
13898
13901
13902
13923
13927
13933
13943
13950
13956
13965
13970
13992
13993
13998
14016
14006
14015
14025
14027
14032
14050
14061
14066
14072
14102
14118
14117
14120
14136
14135
14142
14146
14122
14147
14164
14176
14189
14193
14199
1080
1085
1122
1140
1137
1162
1188
1189
1201
1202
1203
1211
1236
1258
1263
1278
1273
1314
1330
1339
1362
1371
1373
1370
1384
1392
1347
1402
1414
1822
1838
1880
1905
1908
1909
1911
1918
1920
1958
1966
1996
2043
2048
2066
2097
2107
2127
2147
2173
2176
2185
2202
2195
2224
2241
2244
2247
2261
2259
2301
2333
2328
2342
2409
2416
2424
2419
2427
2426
2398
2447
2480
2477
2855
2883
2901
2904
2939
2946
2960
2971
2972
2983
2984
2995
2999
3008
3006
3028
3060
3063
3068
3049
3092
3091
3110
3133
3145
3153
3168
3178
3182
4263
4295
4296
4311
4316
4324
4354
4370
4396
4399
4410
4402
4415
4418
4426
4443
4452
4463
4470
4482
4480
4483
4487
4505
4503
4502
4532
4530
4529
4512
4546
4547
4559
4572
4567
4579
4588
4603
4607
6075
6083
6085
6098
6099
6104
6134
6141
6146
6149
6154
6165
6166
6179
6187
6190
6198
6197
6205
6218
6213
6222
6221
6233
6253
6263
6289
6285
6294
6314
6327
6359
6361
6318
6375
6383
6326
6389
6393
6404
6415
6430
6441
6446
6450
6468
6475
6479
6500
6507
6510
6513
6521
6524
6555
6554
6565
6584
6597
6602
6607
6618
6623
6634
6649
6655
6666
6681
6687
6696
6706
6713
6744
6742
711
723
733
745
753
763
759
779
789
801
817
827
829
839
872
880
873
906
904
920
919
948
953
981
964
984
990
992
1000
1010
1021
1029
1040
1048
1053
1061
1429
1476
1469
1475
1515
1526
1549
1560
1585
1600
1639
1654
1663
1665
1671
1679
1705
1703
1690
1719
1743
2490
2529
2536
2568
2598
2597
2599
2602
2612
2605
2613
2620
2633
2639
2706
2710
2709
2734
2743
2740
2778
2791
2792
2817
2822
20255
20300
20295
20305
20304
20333
20351
20365
20376
20384
20394
20389
20397
20406
20421
20423
20439
20442
20457
20471
20483
20492
20502
20518
20521
20513
20527
20539
20560
20569
20571
3910
3908
3920
3941
3957
3970
3979
3990
4004
4032
4040
4064
4071
4085
4086
4095
4119
4126
4162
4166
4207
4220
4232
4229
4237
4259
7110
7103
7116
7128
7139
7153
7156
7189
7190
7203
7206
7212
7219
7226
7254
7264
7267
7301
7306
7322
7329
7327
7338
7339
7351
7367
7366
7381
7392
7400
7397
7438
7469
7515
7519
7535
7551
7575
7599
7601
7604
7609
7626
7632
7634
7640
7662
7677
7668
7680
7689
7688
7714
7721
7730
7731
7746
7752
7754
7755
7770
7777
7824
7852
7880
7892
7905
7925
7941
7947
7963
7967
7978
8005
8016
8070
8077
8087
8088
8097
8109
8116
8125
8127
8150
8162
8171
8177
8211
8216
8217
8235
8254
8263
8277
8281
8304
8312
8340
8383
8390
8393
8404
8396
8405
8412
8430
8449
8450
8457
8471
8473
8482
8499
8497
8432
8512
9242
9241
9254
9260
9262
9271
9276
9272
9290
9299
9302
9303
9311
9330
9327
9336
9351
9354
9365
9372
9370
9369
9404
9408
9397
9423
9442
9441
9449
9457
9453
9459
9480
9485
9494
9492
9513
9519
9518
9527
9528
9542
9549
9564
9580
9577
9622
9641
9649
9660
9669
9678
9686
9701
9710
9721
9723
9733
9727
9748
9806
9810
9822
9813
9856
9858
9861
9862
9855
9870
9882
9896
9910
9920
9927
9947
9960
9962
9971
9982
9995
9998
10011
10013
10025
10028
10030
10054
10075
10073
10094
10108
10132
10147
10150
10176
10174
10188
10214
10213
10217
10206
10219
10236
10248
10289
10305
10302
10312
10336
10344
10357
10391
10416
10422
10463
10470
10467
10471
10528
10555
10584
10583
10599
10629
10626
10642
10636
10649
11757
11754
11772
11780
11778
11805
11804
11811
11814
11824
11832
11868
11882
11929
11933
11931
11932
11934
12009
12011
12021
12039
12070
23077
23090
23091
23114
23130
23128
23131
23153
23179
23183
23191
23206
23219
23236
23269
23287
23319
23327
23340
23338
23355
23363
23362
23360
23382
23379
23386
23395
23400
23407
23414
23411
12097
12091
12106
12122
12137
12139
12141
12144
12177
12204
12207
12221
12224
12238
12244
12250
12256
12263
12304
12301
12329
12330
12346
12365
12397
12402
12410
12411
12415
12422
12432
12450
12448
12445
12506
12516
12520
12547
12553
12558
12574
12583
12590
12608
12632
12643
12655
12661
12680
12675
12682
12684
12694
12710
12722
12734
12748
12765
12770
12780
12773
13141
13176
13191
13189
13219
13223
13242
13255
13267
13283
13270
13281
13280
13295
13299
13301
13311
13317
13328
13331
13343
13342
13351
13363
13372
13392
13452
13412
13458
13457
13470
13480
13484
14203
14202
14225
14231
14242
14235
14249
14276
14283
14285
14312
14330
14338
14336
14353
14354
14356
14365
14372
14381
14413
14416
14433
14439
14457
14469
14485
14493
14489
14498
14516
14544
16718
16724
16742
16750
16751
16758
16767
16775
16794
16793
16798
16821
16810
16819
16820
16844
16849
16852
16855
16853
16886
16883
16907
16926
16930
16937
16952
16967
16977
16981
16979
16999
17006
17009
17024
17048
17071
17091
17115
17127
17146
17145
17153
17171
17203
17202
17223
17242
17277
17301
17300
17305
17317
17310
17327
17330
17326
17358
17371
17391
17754
17828
17849
17882
17880
17891
17926
17941
17942
17968
17975
17981
17983
17988
18004
18003
18016
18018
18017
18023
18024
18038
18040
18050
18101
18105
18111
18137
18138
18147
18163
18177
18187
18183
18208
18213
18202
18215
18217
18220
18231
18245
18256
18272
18270
18278
18281
18285
18288
18302
18335
18334
18341
18351
18370
18374
18380
18413
18421
18422
18428
18444
18460
18464
18486
18480
18511
18528
18522
18527
18557
18568
18558
18570
18564
18585
18579
18603
18631
18627
18625
18638
18650
18669
18708
18729
18741
18745
18756
18755
18742
18794
18815
18826
18821
18822
18834
18851
18864
18878
18877
18885
18891
18894
18905
18930
18933
18979
18980
18985
19017
19020
19029
19056
19063
19088
19102
19100
19122
19124
19128
19129
19140
19141
26296
26295
26307
26316
26338
26347
26344
26355
26386
26390
26414
26435
26440
26472
26488
26505
26506
26526
26534
26552
26596
26611
26618
26622
19189
19213
19212
19233
19236
19270
19280
19320
19338
19352
19353
19358
19376
19372
19389
19392
19404
19451
19473
19504
19511
20592
20609
20607
20615
20614
20635
20672
20666
20680
20689
20694
20718
20711
20729
20738
20739
20749
20746
20758
20772
20783
20791
20814
20808
20813
20826
20824
20823
20842
20849
20858
20857
20873
20888
20909
20902
20924
20922
20933
20929
20937
20958
20955
20974
20981
20990
20949
20997
20999
21003
21033
21042
21045
21059
21067
21075
21116
21120
21185
21225
21226
21248
21253
21260
21271
21282
21267
21289
21291
21308
21316
21326
21352
21353
21359
21367
21414
21489
21497
21533
21536
21547
21554
21575
21594
21597
21599
21626
21648
21704
21717
21714
21731
21740
21742
21747
21761
21768
21787
21798
21794
21799
21809
21814
21830
21864
21893
21907
21924
21950
21959
21974
21980
21992
21989
21993
22002
21958
22386
22396
22432
22462
22466
22463
22499
22505
22524
22534
22545
22568
22571
22601
22626
22691
22687
22679
22692
22707
22704
24535
24542
24544
24503
24555
24564
24558
24583
24594
24593
24607
24616
24614
24620
24626
24646
24655
24678
24674
24695
24684
24696
24709
24714
24760
24766
24774
24777
24804
24814
24821
24829
24841
24850
25215
25255
25271
25275
25281
25287
25305
25301
25331
25344
25369
25381
25382
25389
25401
25402
25419
25435
25442
25472
25497
25518
25542
25557
25553
25624
25627
25634
25641
25640
25651
25652
25643
25658
25659
25676
25670
25712
25709
25714
25732
25734
25740
25757
25762
25769
25794
25798
25811
25840
25838
25859
25860
25883
25891
25873
25907
25909
13502
13507
13492
13515
13538
13540
13541
13545
13567
13570
13608
13652
13662
13660
13673
13680
13691
13700
13718
13720
13759
13778
13789
13795
13774
13794
13817
13820
13845
26998
27008
27019
27021
27035
27085
27080
27089
27124
27117
27130
27163
27164
27178
27172
27180
27188
27187
27232
27244
27239
27247
27261
27263
27289
27290
27307
27303
27312
27321
14565
14561
14571
14562
14590
14592
14602
14656
14658
14663
14660
14672
14684
14702
14727
14738
14764
14771
14785
14780
14792
14809
14844
14851
14849
14885
14895
14918
14915
14923
14934
14931
14948
14958
14963
15011
15009
15034
15048
15054
15056
15053
15111
15116
15112
15114
15138
15140
15148
15160
15164
15197
15199
15218
15251
15285
15283
15292
15298
15316
15331
15337
15345
15361
15400
15416
15433
15455
15467
15476
15482
15496
15527
15525
15540
15492
15554
15559
15566
15573
15580
15578
15591
15607
15611
15620
15630
15646
15662
15654
15664
15683
15681
15698
15714
15713
15722
15727
15731
15770
15778
15787
15785
15808
15811
15809
15825
15835
15843
15853
15854
15872
15875
15890
15898
15901
15910
15921
15928
15963
15975
15969
15982
15997
16047
16049
16053
16048
16055
16062
16061
16082
16088
16095
16097
16099
16107
16114
16119
16117
16116
16135
16177
16220
16228
16240
16289
16329
16330
16442
16445
16451
16458
16469
16471
16483
16495
16503
16509
16516
16515
16527
16528
16553
16552
16561
16570
16563
16576
16571
16579
16577
16586
16589
16632
16656
16657
16677
17441
17453
17467
17491
17499
17505
17508
17554
17564
17588
17584
17595
17593
17609
17614
17623
17648
17654
17666
17667
17695
17686
17694
17705
17714
17730
22013
22021
22032
22036
22040
22055
22057
22066
22076
22088
22103
22109
22120
22150
22146
22152
22166
22174
22186
22171
22200
22215
22217
22226
22231
22244
22253
22256
22270
22295
22294
22313
22325
22333
22336
22350
22349
22732
22740
22754
22777
22781
22803
22812
22840
22904
22917
22937
22928
22941
22945
22944
22961
22958
22967
22970
23002
23008
23048
23060
23074
23788
23797
23801
23811
23838
23837
23847
23860
23864
23884
23887
23898
23891
23900
23905
23936
23934
23944
23938
23987
24012
24025
24076
24080
24099
24106
24115
24120
24118
24128
24137
