26746
26751
26776
26798
26806
26824
26839
26835
26845
26853
26852
26865
26871
26900
26896
26914
26948
26966
26989
26990
27000
27006
27029
27066
27071
12298
12297
12310
12316
12339
12352
12362
12369
12374
12402
12404
12422
12433
12448
12467
12483
12485
12522
12517
12537
12532
12545
12565
12593
12609
12608
12625
12633
12645
12657
12665
12691
12690
12692
12700
12717
12739
12738
12747
12751
12766
12770
12817
12866
12887
12895
12905
12926
12908
12934
12956
12951
13000
13035
13102
13111
13113
13133
13165
13179
13207
13235
13247
13272
13274
13284
13296
14479
14488
14498
14520
14522
14521
14532
14540
14558
14554
14559
14574
14580
14597
14609
14618
14624
14637
14653
14660
14672
14677
14667
14701
14715
14718
14731
14749
14745
14764
14778
14751
14785
14790
16250
16279
16300
16307
16306
16326
16337
16247
16356
16353
16382
16391
16394
16403
16404
16412
16431
16444
16438
16456
16464
16496
16488
16521
16529
16532
16542
16571
16566
16588
16591
16598
16551
16613
16633
16645
16646
16669
16673
16658
16679
16693
16710
16725
16733
16758
16773
16764
16776
16779
16830
16862
16871
16859
16866
16867
16882
16901
16896
16921
16926
16925
16937
16939
16944
16933
16946
16962
17335
17334
17367
17376
17419
17445
17460
17471
17481
17493
17507
17516
17517
17526
17564
17574
17565
17576
17582
17613
17600
17604
17631
17645
17648
17654
17661
17662
17686
17706
17709
17728
17743
17745
17752
17765
17782
17799
17803
17813
17823
17837
17842
17845
17857
17859
17876
17898
17901
17916
17921
17935
17949
17967
17974
17980
17985
17992
18041
18046
18444
18480
18490
18521
18527
18532
18563
18599
18613
18635
18641
18686
18689
18668
18695
18692
18674
18698
18723
18722
18716
18730
18757
18761
18769
19858
19893
19910
19919
19934
19935
19962
19976
19987
20008
20011
20016
20017
20022
20027
20036
20044
20041
20053
20064
20075
20086
20107
20115
20080
20136
20140
20155
20105
20160
20163
20167
20129
20182
20188
20186
20198
20206
27815
27809
27831
27835
27842
27860
27873
27874
27889
27925
27941
27957
27963
27959
27968
27974
27990
27994
28003
28004
28015
28020
28048
28058
28071
28086
28093
28133
28146
28156
20222
20230
20242
20252
20270
20266
20290
20299
20298
20303
20224
20335
20341
20340
20347
20348
20359
20360
20356
20365
20401
20398
20419
20443
20463
20476
20484
20488
20498
20510
20516
20515
20524
20529
20542
20547
20555
20532
20561
20575
20964
20973
20983
20999
20946
21008
21043
21054
21053
21058
21080
21102
21111
21119
21130
21154
21170
21165
21174
21179
21191
21216
21217
21240
21279
21238
21289
22044
22049
22059
22074
22079
22072
22091
22103
22132
22153
22148
22172
22178
22187
22202
22232
22243
22244
22268
22271
22292
22314
22320
22324
22364
22356
22373
22375
28883
28892
28919
28923
28917
28927
28968
28989
28995
29005
29008
29056
29062
29070
29083
29086
29081
29079
29082
29096
29100
29105
29095
29127
29130
29135
29143
29144
29173
29166
29187
29202
29199
29206
29219
29227
29269
29297
29298
29305
29316
29345
29340
29349
29355
29362
29372
29377
29382
29390
29394
29408
29416
29424
29449
29473
29469
29486
29510
29522
29578
29594
29609
29638
29666
29674
29682
29735
29745
29757
29792
29875
29877
29895
29907
29909
29930
29932
29935
29936
29946
29957
29953
29963
29951
37545
37565
37571
37585
37594
37598
37623
37629
37624
37677
37695
37687
37711
37734
37753
37774
37787
37802
37809
37807
37822
37826
37831
37844
37855
37870
37865
37890
37900
37893
37898
37922
37954
37972
37969
37990
37992
37993
37996
38008
38005
38042
38049
38059
38082
38084
38126
38123
38174
38175
38195
38234
38239
38255
38262
38260
38263
38991
38999
39010
39030
39029
39038
39067
39070
39097
39183
39185
39204
39229
39233
39232
39257
39254
39284
39295
39306
39335
39344
39346
25632
25650
25652
25634
25677
25699
25715
25716
25729
25736
25787
25794
25822
25826
25849
25857
25867
25866
25880
25953
25960
25968
25965
34666
34683
34679
34687
34693
34697
34712
34747
34748
34759
34762
34771
34798
34870
34886
34879
34884
34894
34898
34912
34964
34969
35004
35001
35015
14085
14110
14108
14139
14158
14165
14170
14173
14172
14189
14187
14191
14200
14199
14224
14245
14258
14322
14324
14394
14412
14425
14435
14428
14438
38654
38669
38696
38733
38749
38748
38744
38767
38780
38800
38798
38821
38838
38845
38877
38880
38886
38882
38894
38888
38903
38952
38953
38973
38970
38977
30327
30344
30357
30389
30406
30402
30411
30422
30430
30431
30433
30447
30443
30449
30451
30469
30489
30493
30504
30538
30553
30572
30590
30615
30633
30659
30684
16973
17014
17034
17026
17055
17063
17087
17108
17119
17137
17155
17175
17174
17176
17195
17198
17201
17234
17236
17228
17243
17225
17270
17267
17268
17246
17239
17284
17314
22403
22406
22444
22441
22447
22451
22462
22472
22497
22569
22585
22586
22620
22641
22677
22695
22714
22706
22716
22743
22770
22776
22777
22775
22799
22805
22830
22840
22885
22899
22904
22919
22928
22941
22958
22955
22972
22978
22982
22998
23002
23009
22937
23021
23037
23041
23044
23056
23084
23087
23096
23097
23114
23134
23127
23142
23151
23181
23187
23186
23203
23193
23198
23209
23257
23283
23281
23294
23300
23339
23389
23396
23385
23410
23431
23457
23452
23828
23830
23835
23885
23909
23913
23945
24007
24025
24032
24055
24076
24074
24092
24105
24093
24100
24137
24128
24170
24173
24178
24182
24187
27446
27454
27495
27526
27523
27545
27549
27561
27565
27568
27585
27619
27628
27633
27649
27652
27670
27674
27675
27725
27737
27765
27797
30725
30750
30762
30786
30814
30833
30844
30847
30862
30867
30870
30900
30894
30918
30934
30936
30947
30943
30966
30994
30999
31001
31006
31012
31022
31030
31040
31041
31067
31118
31129
31133
31136
31152
31169
31165
31178
31171
31185
31197
31201
31268
31267
31294
31289
31301
31299
31316
31336
31329
31340
31359
31384
31371
31377
31389
31401
15545
15549
15559
15565
15570
15573
15577
15583
15591
15604
15629
15621
15634
15639
15641
15650
15671
15677
15689
15708
15714
15726
15754
15787
15808
15814
15821
15823
31424
31439
31480
31488
31491
31507
31519
31518
31548
31539
31545
31558
31559
31611
31617
31626
31638
31632
31641
31658
31649
31702
31704
31706
31707
31743
31760
31761
31768
32870
32881
32890
32895
32904
32906
32933
32949
32952
32966
32982
32996
32993
33008
33034
33067
33091
33109
33110
33107
33114
33126
33137
33147
33184
33579
33585
33586
33599
33609
33611
33679
33703
33708
33713
33725
33735
33750
33762
33782
33783
33803
33814
33880
33877
33927
37184
37206
37218
37230
37237
37252
37260
37264
37263
37313
37325
37334
37344
37371
37362
37387
37393
37397
37404
37405
37414
37419
37424
37436
37460
37464
37486
37459
37530
37541
4394
4385
4398
4405
4401
4409
4430
4434
4487
4490
4509
4514
4516
4520
4562
4591
4570
4605
4622
4623
4586
4639
4666
7229
7227
7251
7249
7250
7258
7279
7298
7318
7328
7365
7380
7406
7417
7429
7428
7482
7517
7540
7537
7562
7566
19137
19222
19218
19228
19256
19272
19301
19304
19310
19329
19338
19342
19367
19377
19334
19429
19444
19446
19469
19473
19481
19493
19491
19512
19525
19532
19528
19537
19547
19561
19572
19569
19594
19636
19648
19651
19643
19684
19705
19719
19748
19782
19793
19820
19830
19838
19852
19844
21303
21305
21351
21361
21385
21389
21401
21402
21442
21444
21457
21459
21497
21492
21508
21514
21545
21550
21568
21597
21595
21605
21609
21632
21640
23492
23468
23536
23546
23562
23571
23590
23596
23606
23624
23663
23665
23656
23671
23690
23714
23717
23734
23738
23755
23751
23768
23783
23787
23825
23824
31787
31780
31802
31801
31831
31846
31852
31873
31884
31881
31905
31965
31976
31975
31995
32002
32011
32022
32032
32037
32045
32058
32064
32074
32086
32126
24198
24193
24199
24229
24250
24251
24269
24266
24282
24280
24311
24322
24341
24364
24373
24374
24385
24431
24444
24424
24473
24510
24527
24939
24943
24941
24949
24953
24987
25008
25012
25028
25052
25055
25056
25082
25116
25120
25134
25172
25178
25199
25220
25230
25232
25231
25252
25235
25256
25268
25284
25281
25306
25317
25314
25322
25327
25334
25388
25404
25468
25473
25487
25514
25516
25433
25525
25519
25527
25551
25557
25562
25572
25576
25579
25607
25624
28185
28197
28210
28224
28245
28255
28281
28305
28324
28328
28363
28387
28400
28467
28477
28462
28517
28532
28582
28583
28660
28702
28705
28709
28791
28790
28829
28836
28845
28859
28874
29980
29989
30023
30028
30025
29967
29971
30039
30046
30105
30116
30133
30170
30180
30176
30189
30198
30208
30217
30225
30238
30242
30251
30280
30287
30309
30311
30285
34321
34330
34361
34360
34384
34399
34398
34401
34402
34407
34393
34429
34433
34434
34463
34511
34530
34543
34549
34556
34559
34572
34618
34622
34631
34652
35381
35411
35415
35421
35436
35441
35463
35473
35498
35516
35510
35527
35563
35579
35574
35593
35620
35629
35639
35640
35641
35644
35649
35647
35655
35684
35679
35692
35690
35696
35706
35749
35745
35743
35754
35780
35788
35776
35778
35740
35792
35805
35801
35850
35852
35856
35918
35914
35913
35959
35964
36001
36012
36052
36077
36098
36103
36121
36133
36128
36127
36137
36180
36202
36207
36221
36229
36228
36226
36231
36239
36244
36247
36254
36255
36293
36298
36291
36303
36310
36316
36315
36338
36349
36386
36399
36407
36364
36412
36411
36429
36446
36441
32152
32151
32175
32179
32213
32239
32241
32245
32257
32277
32293
32312
32330
32338
32347
32362
32381
32382
32399
32407
32413
32439
32450
36470
36501
36544
36575
36601
36620
36653
36649
36652
36665
36670
36677
36714
36719
36729
36736
36756
36766
36774
36787
36786
36829
36831
36882
36884
36888
36914
36921
36927
36959
36962
36994
36998
36999
37007
37017
37023
37028
37040
37060
37078
37075
37084
37096
37123
37127
37134
37132
37145
37146
37164
38272
38273
38276
38267
38293
38315
38319
38318
38328
38333
38334
38356
38361
38373
38379
38402
38420
38447
38454
38446
38452
38475
38470
38508
38511
38524
38567
38608
38611
38621
38626
39395
39414
39418
39426
39417
39443
39459
39456
39468
39481
39475
39501
39511
39531
39571
39574
39592
39602
39612
39611
39629
39635
39650
39657
39692
39684
39696
39690
3979
4004
4003
4011
4029
3976
4041
4047
4124
4140
4155
4183
4200
4202
4207
4223
4246
4247
4267
4276
4284
4290
4321
6142
6145
6150
6225
6227
6241
6240
6259
6273
6285
6286
6370
6382
6401
6412
6416
6413
6443
6450
6444
6463
6437
6439
6938
6973
6996
7001
7008
7004
7029
7056
7089
7192
7199
7171
15896
15895
15907
15921
15922
15927
15943
15936
15973
15992
15988
16002
16056
16084
16104
16134
16137
16141
16157
16165
16173
16172
16179
16182
16196
16227
16243
16236
18087
18086
18106
18118
18136
18141
18138
18139
18160
18161
18172
18176
18194
18203
18210
18220
18214
18242
18246
18247
18258
18263
18282
18280
18293
18316
18310
18391
18407
27090
27084
27089
27123
27139
27181
27178
27187
27191
27195
27216
27249
27263
27262
27277
27287
27285
27306
27316
27319
27355
27362
27424
27430
32494
32504
32518
32520
32526
32536
32542
32564
32575
32606
32616
32621
32622
32634
32649
32679
32705
32712
32753
32758
32764
32775
32779
32823
32830
26005
26027
26032
26034
26110
26117
26123
26160
26155
26182
26195
26198
26221
26224
26231
26235
26241
26287
26296
26292
26300
26304
26322
26334
26330
26369
26370
26394
26405
26409
26425
26432
26470
26477
26472
26498
26506
26530
26564
26568
26587
26593
26590
26600
26627
26642
26637
26644
26663
26674
26689
26684
26685
26708
18773
18837
18841
18853
18779
18862
18870
18875
18873
18886
18911
18900
18931
18966
18980
18981
18985
18984
18987
18996
19021
19039
19085
19130
19128
19087
19117
3622
3627
3649
3676
3680
3688
3700
3707
3721
3727
3728
3740
3743
3784
3802
3801
3806
3803
3873
3859
3911
3920
3900
3960
3963
3958
3962
370
378
389
400
405
436
450
457
481
482
527
524
521
540
548
562
565
584
581
595
605
613
650
658
696
692
1452
1468
1506
1544
1556
1562
1570
1587
1625
1622
1626
1636
1633
1641
1645
1659
1683
1694
1701
1721
1728
1742
1772
1767
1782
1783
1791
1803
7
4
1
53
55
58
75
104
129
150
169
188
181
212
221
220
228
237
231
257
241
266
281
296
313
316
330
355
361
39727
39734
39749
39756
39764
39713
39792
39788
39808
39833
39863
39867
39882
39880
39881
39894
39893
39921
39914
39933
39945
39942
39969
39972
39976
39991
40000
736
751
762
778
783
811
832
837
828
847
872
870
922
933
950
951
990
1001
1016
1034
1027
1046
1058
1070
1080
2179
2189
2197
2207
2173
2227
2224
2216
2245
2262
2330
2331
2339
2350
2353
2390
2415
2413
2429
2423
2437
2449
2470
2480
2500
2508
2522
33217
33259
33256
33277
33319
33328
33332
33354
33345
33364
33359
33367
33379
33387
33394
33403
33402
33412
33426
33447
33450
33454
33488
33507
33514
33523
33543
2540
2544
2541
2571
2617
2628
2630
2633
2654
2645
2689
2702
2695
2709
2721
2723
2735
2744
2746
2752
2803
2810
2790
2825
2842
2855
2867
2874
2885
2897
2923
2932
2939
2938
2964
2976
3011
3034
3037
3047
3056
3070
3081
3087
3103
3090
3113
3112
3141
3171
3130
3202
3210
3212
3247
3251
3264
3270
3278
3294
3321
3342
3417
3424
3435
3496
3505
3521
3561
3560
3558
3582
3574
4695
4726
4747
4771
4769
4775
4778
4794
4813
4828
4862
4897
4850
4911
4966
4977
5008
4999
5030
5031
5047
5062
5066
5067
5070
5063
5075
5087
5089
5093
5102
5120
5128
5139
5165
5178
5186
5185
5193
5251
5259
5273
5290
5296
5300
5348
5378
5377
5389
5398
5401
5415
5412
1821
1824
1830
1828
1831
1837
1866
1887
1923
1938
1944
1971
2011
2066
2071
2079
2086
2113
2125
2151
5437
5446
5423
5468
5467
5490
5532
5550
5555
5559
5572
5577
5580
5582
5590
5606
5649
5662
5683
5705
5698
5716
5726
5756
5765
5763
5771
1091
1103
1106
1105
1111
1126
1137
1142
1155
1177
1206
1216
1231
1258
1268
1295
1305
1303
1328
1337
1306
1399
1418
1426
1436
1443
5777
5791
5789
5801
5799
5806
5811
5813
5834
5846
5857
5778
5889
5913
5917
5927
5936
5939
5963
5990
5988
6000
6018
6034
6083
6102
6103
6128
6524
6529
6530
6594
6584
6602
6646
6651
6654
6667
6674
6665
6731
6748
6817
6823
6838
6846
6843
6853
33959
33971
33975
33998
34005
34009
34028
34039
34049
34048
34081
34092
34104
34105
34116
34151
34203
34204
34210
34209
34224
34227
34265
34263
34290
34286
34287
7596
7605
7617
7636
7643
7649
7678
7706
7714
7726
7743
7751
7755
7760
7773
7782
7776
7808
7809
7806
7817
7822
7852
7866
7868
7894
7897
7939
7964
7960
7972
7976
8004
8037
8041
8069
8081
8079
8095
8096
8104
8108
8124
8122
8144
8143
8154
8145
8190
8187
8138
8191
8204
8254
8269
8281
8274
8299
8303
8242
8322
8325
8364
8391
8390
8401
8410
8430
8461
8477
8471
8482
8491
8489
8505
8507
8516
8514
8517
8521
8535
8575
8546
8639
8645
8646
8663
9040
9044
9049
9079
9095
9026
9028
9126
9149
9171
9191
9205
9202
9216
9220
9248
9257
9270
9277
9281
9307
9306
9323
9356
9374
9390
9407
9416
9427
9419
9441
9445
9450
9460
9463
9506
9500
9501
9518
9530
9545
9567
9592
9599
9609
9629
9667
9691
9699
9744
9756
9758
9757
9783
9797
9802
9821
9830
9837
9835
9861
9885
9889
9901
9913
9919
9927
9983
10005
10040
10043
10067
10862
10878
10880
10892
10889
10920
10916
10921
10924
10937
10953
10986
10980
11007
11016
11021
11033
11025
11032
11045
11049
11060
11070
11075
11084
11114
11120
11127
11132
11138
11173
11191
11196
11203
11214
11244
11246
11258
11260
11299
11354
11379
11389
11400
11410
11433
11449
11466
11479
11485
11462
11512
11519
11541
11551
11542
11548
11554
11571
11587
11593
11594
11622
11611
11619
11635
11642
11680
11697
11714
11732
11757
11782
11788
11800
11799
11808
11812
11826
11889
11923
11925
11924
11948
11970
11976
11994
11996
12015
12022
12035
12056
12062
12065
12092
12106
12102
12122
12113
12141
12163
12171
12219
12232
12244
12249
12256
24552
24564
24569
24582
24619
24636
24651
24657
24682
24679
24696
24707
24740
24753
24757
24769
24777
24793
24810
24836
24839
24900
24905
13383
13385
13402
13405
13400
13413
13410
13425
13443
13437
13444
13455
13476
13514
13540
13604
13616
13660
13666
13671
13674
13685
13688
13691
13703
13718
13739
13773
13768
13783
13788
13782
13841
13839
13842
13882
13890
13907
13934
13933
13948
13960
13963
13968
13976
13989
14003
14010
14042
14045
14063
14833
14849
14848
14856
14873
14866
14881
14898
14911
14926
14927
14941
14949
14951
14961
14977
14987
14990
15001
15011
15021
15042
15041
15058
15070
15105
15150
15197
15231
15233
15268
15271
15305
15316
15326
15327
15339
15347
15349
15353
15350
15397
15409
15415
15412
15416
15461
15463
15462
15482
15502
15515
20582
20594
20587
20611
20631
20646
20655
20659
20668
20681
20690
20716
20734
20741
20752
20767
20790
20800
20805
20810
20817
20814
20838
20854
20877
20907
20899
20919
20938
21683
21687
21667
21722
21736
21749
21745
21750
21767
21763
21784
21791
21790
21803
21841
21847
21862
21865
21877
21883
21878
21904
21900
21912
21971
21993
21996
22004
22008
22005
22013
22021
22017
35019
35036
35041
35052
35062
35071
35083
35135
35157
35185
35195
35209
35224
35262
35269
35271
35317
35341
35339
35342
35362
8679
8690
8701
8710
8722
8721
8739
8742
8755
8788
8798
8811
8812
8829
8844
8845
8875
8888
8887
8929
8944
8968
8970
8974
8982
9003
9006
10144
10161
10165
10166
10177
10203
10252
10289
10279
10311
10296
10328
10335
10344
10333
10343
10358
10351
10298
10374
10376
10380
10356
10394
10385
10400
10412
10428
10424
10386
10454
10466
10478
10488
10492
10503
10498
10533
10470
10558
10582
10580
10616
10665
10668
10672
10711
10720
10727
10734
10736
10760
10768
10776
10822
