21341
21355
21365
21386
21401
21407
21415
21420
21440
21545
21624
10471
10496
10519
10530
10593
10589
10609
10655
10678
10779
10772
10813
18069
18054
18098
18110
18133
18184
18202
18243
18367
26063
26082
26142
26147
26152
26207
26210
11199
11228
11230
11259
11332
11354
11360
11389
11408
11458
11495
11541
30707
30736
30774
30815
30828
30970
31017
31043
4044
4065
4110
4146
4187
4213
4291
4315
13363
13395
13402
13421
13438
13441
13615
13698
14100
14092
14127
14184
14284
14367
37212
37222
37258
37306
37347
37357
37358
37387
734
736
747
764
765
812
835
883
895
911
943
942
22780
22810
22862
22904
22921
22967
22992
23087
29977
29995
30010
30038
30081
30094
30096
30113
30158
30251
30246
30252
28172
28230
28242
28162
28290
28292
28322
28389
28409
28507
38672
38698
38741
38813
38832
38831
38935
23481
23506
23590
23598
23625
23641
23647
23650
23665
23671
23837
23881
23908
23936
24023
24171
24183
24209
24260
24268
24267
24296
24354
24389
24413
24461
24496
24517
24979
24986
25035
25173
25219
25242
25256
26358
26408
26553
26625
26628
26637
26645
26699
27872
27924
27936
28054
28097
28107
28147
28150
28158
28530
28523
28582
28602
28657
28696
28720
28715
28803
28833
28857
28902
29009
29051
29101
29138
39725
39883
39892
39940
39971
29622
29699
29735
29740
29767
29913
29912
29937
32951
33171
5862
5900
5935
5950
5953
5980
6023
6048
6050
6070
6126
6509
6533
6585
6621
6659
6698
6701
6708
6726
6743
6806
7609
7642
7638
7759
7789
7791
7821
7822
7853
7887
7926
9062
9076
9114
9110
9140
9218
9278
9318
9321
9334
9371
9369
9833
9842
9866
9884
9917
10041
10061
10078
10097
10094
10874
10889
10890
10906
11032
11087
11174
11962
12031
12042
12078
12085
12112
12171
12263
12262
12284
12324
12378
12386
12435
12452
12610
12632
1490
1501
1543
1642
1710
1747
1770
1774
1799
12723
12729
12798
12870
12913
12993
13034
13074
13108
13175
13232
13244
13248
13266
13287
13348
13740
13754
13791
13818
13821
13855
13873
13880
13931
13936
13948
13958
14052
15292
15306
15375
15388
15406
15409
15519
15887
15899
15906
15914
15982
16070
16086
16171
16180
16213
16204
16215
16225
19885
19978
20029
20097
20132
20182
20189
22030
22040
22099
22127
22131
22136
22169
22309
22345
24562
24614
24617
24624
24630
24650
24699
24710
24736
24819
27077
27181
27194
27197
27189
27230
27242
27274
27298
27303
27332
27344
27341
27350
27412
30348
30447
30521
30544
30565
30577
30602
30640
1812
1845
1860
1874
1885
1962
2055
2079
2085
2097
2111
33601
33659
33678
33676
33688
33804
33820
33864
33866
33925
25380
25404
25418
25415
25419
25424
25463
25492
25497
25503
25513
25506
25536
26775
26810
26850
26920
27057
29257
29273
29348
29410
29456
29461
29508
29527
29542
29561
29599
31415
31412
35473
35505
35515
35548
35547
35635
35677
35721
35724
37592
37650
37670
37669
37671
37673
37708
37739
37777
37899
37944
38111
38151
38153
38149
38168
38248
38322
38352
38357
38364
38388
38415
38461
38491
38516
38548
38578
38589
38587
38606
2548
2713
2741
2814
38998
39004
38999
39022
39040
39122
39130
39141
39140
39164
39212
39227
39262
39306
39313
39316
39405
39519
39545
39564
39611
39629
39644
39650
2216
2234
2282
2298
2299
2313
2343
2356
2352
2378
2376
2385
2424
2419
2428
2462
2465
2479
2483
2499
2510
2522
3257
3274
3347
3372
3384
3450
3520
3541
3554
3589
3689
3698
3724
3726
3780
3833
3835
3858
3928
3954
5100
5275
5321
5315
5318
5345
5356
5411
5410
5421
5444
5456
5457
5495
5524
5624
5716
5725
7976
8099
8167
8256
8292
8298
15563
15599
15638
15805
35757
35935
35936
36034
36047
36099
4694
4819
4880
4905
4938
36889
36911
36932
36944
36950
37054
37056
37079
37108
37147
7362
7455
7542
7553
8675
8789
8914
8933
25
103
116
138
185
199
209
254
330
339
354
320
4351
4414
4428
4485
4494
4529
4553
4590
4678
6937
6959
6997
7031
7041
7181
16263
16291
16347
16340
16429
16507
16531
16524
16622
16624
16711
16748
16866
16900
16928
16929
17367
17389
17384
17439
17446
17494
17498
17503
17551
17622
17636
17748
17824
17831
17927
17935
17964
18012
18417
18452
18521
18623
18646
18651
18691
18690
18796
18815
18857
18873
18917
19025
19063
19064
19077
19099
19105
19119
20967
21006
21115
21148
21168
21256
23210
23225
23223
23231
23334
23358
23370
23408
25779
25905
25964
25979
32186
32257
32267
32285
32312
32327
32456
32466
32462
32550
32592
32597
32632
32654
32767
32774
33261
33274
33343
33358
33378
401
494
559
621
654
662
718
1099
1173
1192
1198
1225
1279
1319
1352
8326
8489
8524
8541
8568
8595
8594
8597
8643
8648
20289
20328
20350
20364
20385
20415
20467
20487
20501
20541
20563
20569
9398
9415
9432
9467
9482
9535
9595
9617
9651
9610
9655
10121
10118
10130
10138
10180
10346
10430
10445
10460
11558
11556
11645
11779
11871
14607
14724
14781
14890
14951
14991
15106
17018
17008
17020
17135
17190
17201
17283
17294
17307
17316
19185
19183
19198
19197
19292
19305
19306
19343
19372
19438
19535
19571
19614
19685
19738
19743
19850
21686
21787
21778
21784
21812
21847
21877
21909
21970
21979
21978
22417
22477
22532
22536
22594
20703
20724
20856
20852
20887
27544
27539
27689
27705
27746
27744
31111
31136
31223
31240
31273
31371
31390
31796
31818
31843
31866
31897
31932
32019
32089
33946
33951
33991
34063
34108
34115
34142
34231
34225
34232
34264
34397
34434
34439
34458
34467
34524
34554
34559
34661
34841
34921
34947
36134
36198
36267
36276
36308
36328
36375
36439
36442
36486
36512
36567
36595
36630
36697
36746
2950
3046
3139
3151
3187
3213
6144
6277
6326
6356
6383
6407
6451
