3750
3958
32422
32518
32654
32671
13434
13572
13577
13637
13640
13660
19947
20049
20044
11921
11929
12044
24138
24148
24334
14420
14509
14592
14711
14723
11102
18810
18823
18903
18927
18945
19019
19017
11225
11230
11242
11299
11384
11400
11487
11506
11510
30691
30694
30887
30941
4485
4509
4530
9752
9843
10065
31550
31553
31609
31654
13783
13804
13913
39964
39983
484
533
584
598
647
5169
5172
5191
5261
5771
5899
5890
5949
6172
6384
6389
6405
6447
6536
6617
6673
6756
6814
6902
6909
7050
7152
7245
7294
7333
7477
7533
8184
8201
92
112
121
163
236
301
347
8322
8430
8577
8619
8644
8653
8683
8700
8715
8773
8781
8846
9216
9289
9290
9347
9396
9453
10504
10586
10642
10672
10746
10793
12640
12653
12731
12748
12811
14094
14102
14167
14184
14192
14248
14323
15145
15365
15419
15446
16290
16323
19461
19487
19673
1111
1122
1132
1083
1237
1239
1285
1343
1384
1395
1423
20562
20559
20567
20606
20634
20632
20861
10205
10296
11596
11714
11823
11863
12961
13028
13077
13082
13216
14826
14953
14987
14991
15802
16990
17046
17083
17085
17133
17643
17701
17736
17758
17844
17909
17924
18202
18215
18283
18359
18515
18557
18687
18700
2009
2021
2003
2063
2113
21039
21128
21156
22473
22492
22522
22589
4798
4844
4896
4915
4953
4975
5006
21332
21427
21524
21544
21647
21761
21829
21924
21957
22100
22173
22736
22841
22885
22911
23002
23019
23158
23193
23298
23321
23379
23778
23790
23974
23993
24040
24879
24918
25037
25020
25066
2237
2290
2419
2487
25890
28342
15912
15978
16007
16039
16098
25205
25267
26017
26079
26089
26191
26242
26333
26415
26425
26672
26857
26959
27533
27583
27603
28480
28499
28669
28718
28768
1478
1497
1553
1590
1589
1721
1754
1787
29578
29704
29755
29773
29841
29975
30090
30265
30441
30476
30565
31170
31177
31251
31315
33012
33042
33051
33084
33515
33721
33725
33738
33796
33864
33844
33976
34029
34172
34954
35022
35131
35227
35245
35276
19111
19136
19128
19193
19287
19310
19373
19417
23434
23448
23470
23493
23508
23653
23691
23756
2579
2651
2672
2847
31773
31792
31821
31886
31966
32029
32048
32122
32146
32220
32225
32286
32287
33184
33244
33299
35342
35355
35483
35491
35567
35582
35610
36036
36044
36119
36250
36418
36545
36559
36676
36889
37040
37060
37245
37310
37338
37354
37357
37372
37411
37432
37569
37588
37589
37593
37785
38181
38451
38464
2894
2900
2981
2987
3018
3114
3119
39254
39291
39337
39407
39488
39538
39555
39554
39693
5440
5405
5511
5508
5686
7570
7793
24704
24766
24828
27723
27730
27748
27967
37903
38046
38049
38059
38092
38115
772
850
869
925
937
1035
1045
1056
20224
20261
20262
20365
20438
20489
29176
29242
29298
29346
29435
29439
29449
3286
3326
3335
3400
3421
3548
34227
34296
34306
34320
34344
34445
34534
34694
34715
34908
38910
38930
38944
38959
38987
39001
39053
39058
39082
39103
39108
17283
17534
17541
17563
35833
35876
35923
35959
35965
12249
12367
12391
12419
12462
16589
16666
16683
16691
16866
27108
27212
27209
38557
38564
38688
38858
38880
4092
4157
4249
4252
4309
