18576
18597
18651
18683
18692
18711
18727
18772
18760
18778
18806
18792
18813
18819
18839
18844
18853
18851
18856
18858
18862
18869
29641
29659
29664
29679
29695
29749
29786
29790
29807
29846
29832
29881
29878
29887
29911
29912
29922
29928
29909
29973
29970
29974
29980
29984
29982
30709
30704
30717
30731
30735
30745
30769
30775
30786
30804
30806
30822
30842
30855
30854
30885
30889
30915
30917
30927
30979
31000
31031
31036
31035
31038
17868
17880
17907
17911
17918
17932
17938
17954
17984
17986
18005
18014
18031
18035
18037
18049
18053
18051
18066
18079
18082
18103
18129
18130
18159
18171
18183
18195
19289
19294
19299
19316
19319
19347
19358
19362
19371
19390
19411
19413
19416
19425
19498
19512
19545
19553
19558
19586
19617
32494
32517
32533
32531
32591
32616
32660
32667
32704
32748
32771
32774
32775
32779
32790
32829
32840
7502
7523
7522
7526
7524
7584
7605
7616
7631
7626
7636
7649
7667
7687
7684
7697
7706
7725
7750
7754
7776
7762
7789
7791
7837
15368
15369
15384
15394
15401
15395
15420
15419
15430
15477
15482
15491
15511
15514
15548
15557
15595
15588
15634
15651
15685
15692
15701
26088
26089
26101
26129
26139
26136
26138
26143
26163
26165
26171
26180
26185
26218
26231
26255
26288
26308
26345
26350
26356
26362
26373
26374
26391
8573
8583
8606
8607
8624
8648
8644
8679
8690
8700
8702
8734
8735
8748
8749
8761
8781
8786
8841
8858
8868
8880
8895
8910
8911
8924
16427
16424
16453
16452
16460
16495
16499
16494
16519
16522
16520
16523
16558
16564
16586
16585
16608
16627
16632
16631
16663
16677
16723
16728
16779
21084
21089
21097
21111
21138
21156
21144
21160
21178
21225
21249
21269
21307
21328
21355
21361
21362
21373
21374
21396
21401
21405
21412
28577
28583
28595
28608
28614
28629
28653
28659
28660
28698
28704
28697
28712
28723
28727
28743
28747
28752
28750
28758
28760
28807
28811
28831
28832
28821
28835
28849
28851
28861
28877
28895
28909
28908
28917
28915
39644
39657
39666
39685
39700
39710
39722
39720
39725
39741
39783
39812
39842
39871
39876
39877
39885
39884
39899
39910
39939
39938
39964
39984
3943
3951
3957
3969
3993
3984
4002
4011
4039
4038
4076
4112
4111
4152
4156
4174
4191
4201
4196
4215
4270
4278
29290
29303
29328
29351
29366
29381
29393
29450
29453
29463
29465
29489
29496
29500
29510
29516
29538
29544
29555
29560
29553
29558
29565
29567
18937
18924
18953
18951
18965
18991
18993
19013
19014
19023
19051
19048
19053
19061
19072
19082
19081
19103
19110
19109
19125
19133
19174
19209
19210
19219
19205
19250
19240
23566
23576
23604
23607
23642
23713
23715
23747
23759
23763
23772
23782
23814
23829
23828
23845
23846
23858
23862
23887
23894
23899
28935
28948
28964
29001
29042
29058
29056
29066
29069
29088
29107
29112
29158
29168
29174
29175
29188
29225
29259
29268
29266
31060
31079
31091
31108
31115
31114
31136
31137
31154
31157
31163
31161
31182
31185
31206
31220
31238
31240
31248
31255
31254
31260
31272
31285
31303
31323
31333
31337
31352
31364
31382
31379
34633
34640
34663
34670
34683
34699
34728
34730
34744
34762
34786
34798
34792
34807
34803
34815
34833
34829
34864
34863
34867
34880
34882
34899
34900
34894
34924
34937
34950
34953
34963
34966
34972
36423
36441
36436
36450
36473
36489
36496
36498
36504
36497
36540
36554
36560
36565
36585
36589
36601
36619
36630
36640
36668
36710
36750
36762
39275
39283
39297
39310
39319
39345
39367
39368
39377
39389
39419
39431
39451
39460
39475
39490
39493
39503
39504
39517
39537
39560
39587
39583
34280
34275
34276
34284
34289
34286
34311
34323
34327
34336
34385
34384
34393
34468
34508
34525
34535
34537
34543
34548
34550
34555
34569
34597
34608
34613
34609
37848
37905
37908
37914
37909
37949
37955
37959
37964
37983
37990
38005
38014
38030
38026
38029
38047
38057
38078
38088
38114
38118
38122
38145
38196
38198
32155
32154
32190
32202
32226
32242
32257
32252
32259
32274
32278
32282
32296
32315
32313
32349
32374
32400
32422
32426
32427
32430
32443
32446
32485
38204
38233
38258
38259
38270
38281
38290
38295
38297
38308
38345
38359
38353
38351
38423
38449
38496
38500
38504
38522
38530
38539
38555
38941
38970
38985
38991
39000
39014
39018
39023
39024
39047
39050
39062
39057
39079
39076
39112
39111
39146
39152
39153
39160
39200
39201
39210
39228
39243
39263
39269
39268
39270
1867
1883
1891
1897
1910
1938
1940
1942
1975
2026
2013
2024
2025
2050
2057
2101
2117
2142
10359
10364
10367
10379
10375
10386
10410
10407
10405
10436
10478
10510
10514
10523
10526
10559
10575
10582
10587
10589
10592
10623
10636
10661
10672
10679
10681
10680
10697
10693
15001
15016
15013
15014
15019
15038
15064
15078
15077
15082
15105
15114
15132
15140
15184
15208
15228
15244
15242
15251
15256
15274
15288
15292
15298
15310
15322
15334
15348
15346
16068
16098
16118
16169
16182
16183
16197
16209
16218
16231
16250
16294
16291
16311
16317
16337
16334
16339
16355
16366
16369
16380
16402
16406
16417
20052
20065
20057
20084
20083
20088
20132
20146
20154
20176
20200
20202
20220
20235
20239
20233
20257
20260
20276
20303
20324
20318
20334
20359
20364
20368
20386
20376
20396
20391
20412
20459
20477
20474
20488
20491
20500
20541
20546
20540
20559
20560
20579
20586
20597
20630
20634
20667
20689
20696
20693
20714
20722
20775
20798
20804
20816
20843
20847
20840
20851
20857
20859
20870
20915
20914
20913
20916
20938
20969
20971
20979
20998
21012
21023
21043
21048
21061
21447
21457
21462
21459
21460
21468
21479
21476
21541
21549
21550
21548
21555
21567
21575
21606
21619
21618
21622
21639
21650
21685
21684
21679
21687
21688
21711
21732
21762
21761
32847
32858
32873
32897
32915
32911
32947
32973
32970
32976
33005
33013
33002
33033
33066
33074
33100
33097
33108
33109
33119
33126
33147
33171
33178
33189
22151
22175
22184
22189
22201
22260
22278
22288
22295
22298
22338
22343
22364
22372
22379
22401
22443
22456
22467
22484
22895
22925
22931
22940
22958
22959
22960
22970
22978
22988
23010
23017
23016
23025
23037
23041
23049
23087
23106
23133
23129
23154
23175
23192
23198
23928
23936
23987
23990
24001
24013
24040
24056
24067
24079
24166
24174
24230
24239
24243
24275
24636
24640
24650
24664
24715
24730
24760
24765
24789
24792
24803
24810
24827
24831
24834
24842
24841
24858
24888
24885
24880
24925
24950
24974
24976
24970
24980
30364
30385
30388
30384
30405
30532
30540
30543
30620
30627
30642
30656
30669
30691
30696
30693
26430
26422
26432
26455
26472
26474
26482
26522
26534
26532
26551
26561
26563
26565
26566
26567
26578
26599
26602
26631
26639
26647
26683
26692
26702
26696
26705
26735
26744
26745
26773
27529
27549
27563
27573
27585
27578
27581
27615
27657
27677
27673
27687
27689
27723
27729
27726
27724
27780
27776
27790
27787
27840
31424
31423
31451
31465
31481
31486
31533
31539
31545
31555
31559
31572
31597
31603
31611
31629
31639
31634
31636
31653
31661
31668
31681
31695
31691
31700
31711
31718
31726
31734
31762
31766
31765
31772
31778
31790
31804
31818
31816
31836
31850
31852
31890
31912
31907
31920
31922
31936
31948
31960
31961
31971
31993
32005
32011
32012
32065
32067
32093
32104
32122
32126
33566
33561
33582
33589
33583
33598
33644
33687
33695
33723
33722
33730
33740
33735
33754
33761
33757
33794
33800
33804
33830
33833
33842
33880
33886
33887
33903
33906
33213
33218
33250
33245
33298
33315
33324
33356
33385
33404
33413
33424
33419
33449
33460
33464
33478
33484
33515
33520
33518
33522
33528
33932
33950
33965
33963
33971
33986
34017
34029
34039
34052
34093
34128
34139
34133
34142
34150
34170
34178
34186
34185
34190
34197
34201
34230
34240
34237
34243
34264
35011
35014
35010
35018
35017
35047
35055
35094
35109
35132
35136
35156
35171
35174
35204
35225
35223
35233
35238
35250
35273
35278
35277
35276
35304
35299
35301
35375
35387
35380
35399
35397
35418
35435
35459
35478
35482
35499
35544
35571
35582
35586
35619
35636
35666
35675
35671
35674
35699
35765
35793
35807
35839
35865
35861
35878
35912
35927
35933
35935
35944
35965
36011
36018
36022
36031
36048
36102
36098
36146
36144
36148
36161
36171
36186
36196
36224
36232
36243
36266
36267
36282
36290
36302
36313
36322
36324
36339
36351
36354
36355
36364
36375
36381
36384
36404
36406
36405
36776
36782
36806
36852
36860
36867
36891
36918
36923
36955
36964
36989
37010
37024
37034
37037
37055
37068
37108
37112
37144
37146
37143
37148
37156
37155
37164
37180
37194
37206
37264
37272
37378
37386
37384
37398
37396
37405
37403
37402
37411
37417
37431
37436
37450
37456
37486
37502
37494
37506
37518
37550
37575
37590
37593
37604
37599
37619
37621
37634
37635
37639
37645
37662
37666
37677
37710
37737
37745
37749
37829
37838
3577
3573
3604
3618
3621
3687
3717
3756
3757
3775
3806
3842
3837
3844
3851
3864
3856
3923
38561
38563
38577
38602
38585
38612
38613
38618
38623
38632
38682
38727
38721
38728
38740
38745
38795
38803
38813
38819
38823
38835
38861
38877
38903
7154
7152
7155
7156
7169
7181
7185
7189
7192
7199
7239
7258
7272
7285
7290
7298
7338
7333
7349
7404
7410
7418
7408
7462
7491
7483
9296
9315
9307
9318
9339
9364
9360
9375
9381
9391
9402
9467
9496
9509
9522
9533
9550
9571
9595
9611
9639
9658
9666
9664
9667
9676
9683
9704
9707
9699
9723
9804
9816
9853
9860
9854
9886
9883
9900
9899
9905
9904
9918
9929
9933
9941
9961
9974
9996
9993
10021
10025
10041
10045
10047
10069
10074
10077
10134
10141
10153
10170
10178
10186
10199
10209
10211
10208
10238
10260
10273
10289
10298
10313
10323
11079
11117
11113
11123
11135
11134
11154
11189
11196
11204
11215
11233
11244
11266
11278
11309
11379
11389
11401
11416
12864
12863
12879
12923
12968
12970
12975
12978
13004
12998
13014
13021
13034
13037
13062
13050
13060
13072
13076
13083
13093
13095
13125
13150
13197
13192
13200
13202
13210
13211
13225
13240
13249
13266
13302
13304
13325
13339
13347
13369
13381
13398
13417
13433
13440
13454
13450
13526
13525
13529
13534
13562
13598
13602
13626
13614
13659
13678
13693
13702
13718
13745
13769
13782
13784
13809
13845
13853
13854
13855
13881
14286
14290
14288
14311
14342
14337
14359
14360
14369
14374
14404
14418
14416
14414
14438
14453
14454
14477
14494
14496
14495
14504
14505
14538
14549
14547
14552
14573
14617
14624
14627
14633
14636
14651
14664
14695
14706
14760
14765
14787
14795
14808
14828
14852
14856
14870
14866
14865
14874
14899
14901
14906
14941
14951
14962
14966
14975
14981
11445
11446
11456
11459
11468
11488
11496
11505
11543
11542
11580
11589
11593
11610
11623
11680
11707
11718
11722
11720
11735
11764
11772
18209
18219
18222
18279
18316
18380
18389
18409
18424
18430
18432
18457
18467
18465
18497
18505
18525
18541
18533
18559
23251
23255
23262
23266
23265
23270
23303
23313
23336
23340
23347
23384
23385
23407
23418
23428
23444
23445
23448
23462
23481
23469
23482
23476
23485
23487
23490
23497
23506
23502
23509
23527
23539
23541
23544
23540
23549
23550
23559
726
736
751
793
806
807
833
831
843
840
842
855
877
893
934
946
942
953
961
967
995
1000
1005
1003
1001
1015
1036
1044
1054
1064
1089
1131
1166
1193
1202
1218
1228
1293
1304
1328
1329
1325
1343
1344
1357
1384
1380
1402
1400
1426
1453
1454
1456
1471
1478
1482
1517
1545
1553
1552
1557
1556
1571
1576
1591
1594
1597
1603
1610
1618
1630
1656
1665
1695
1728
1742
1747
1762
1769
2864
2901
2941
2939
2946
2983
3013
3041
3039
3065
3069
3122
3126
3120
3130
3161
3162
3183
3192
3200
3213
6442
6502
6505
6520
6556
6564
6572
6584
6590
6592
6618
6620
6637
6663
6688
6741
6749
6751
6759
6767
6770
6783
21783
21790
21809
21814
21806
21825
21826
21834
21866
21883
21895
21930
21940
21957
21967
21966
21996
22014
22010
22082
22088
22085
22084
22100
22101
25364
25371
25373
25376
25372
25374
25392
25424
25441
25464
25462
25480
25510
25507
25529
25545
25567
25577
25622
25647
25645
25686
25700
27871
27868
27882
27931
27941
27963
27956
27996
28001
28016
28019
28027
28022
28070
28065
28096
28122
28142
28162
28202
11800
11825
11829
11830
11834
11846
11840
11854
11865
11883
11890
11900
11917
11915
11950
11960
11979
11993
12009
12032
12037
12040
12068
12088
12087
12095
12097
12099
12106
12132
28209
28228
28229
28246
28259
28278
28280
28286
28287
28330
28340
28348
28356
28360
28357
28383
28384
28386
28391
28397
28421
28447
28452
28459
28463
28483
28495
28516
28511
28517
28530
28544
28549
28553
30000
30019
30032
30056
30072
30106
30114
30137
30163
30170
30169
30206
30225
30227
30242
30288
2161
2173
2175
2204
2220
2236
2234
2250
2259
2270
2283
2297
2316
2341
2366
2374
2387
2397
2407
2451
2498
6
39
84
107
105
92
134
145
142
189
197
223
225
245
273
285
282
295
308
318
350
2507
2548
2557
2605
2616
2621
2629
2630
2644
2643
2678
2684
2714
2740
2777
2797
2849
3226
3238
3240
3239
3280
3276
3288
3302
3325
3341
3342
3345
3361
3382
3412
3420
3419
3433
3431
3443
3482
3502
3517
3493
3534
3543
3555
4298
4309
4333
4408
4430
4447
4449
4481
4485
4494
4515
4520
4530
4554
4552
4572
4556
4564
4586
4591
4625
4629
4669
4668
4676
4691
4715
4723
4736
4757
4760
4765
4772
4780
4792
4791
4812
4821
4822
4837
4863
4905
4924
4926
4933
4940
4945
4956
4958
4973
4983
4995
5005
5044
5056
5099
5112
5110
5108
5127
5157
5175
5182
5180
5185
5240
5243
5245
5266
5278
5274
5318
5315
5348
6820
6813
6824
6849
6866
6878
6907
6900
6916
6925
6919
6993
6997
7008
7015
7013
7014
7023
7036
7042
7047
7052
7068
7065
7081
7101
7094
7109
7115
7123
7137
12146
12157
12159
12242
12239
12268
12281
12290
12311
12336
12337
12355
12376
12401
12413
12424
12436
12449
12463
12465
7877
7889
7949
7981
7989
7982
7985
8016
8034
8069
8071
8093
8100
8109
8102
8153
8185
8187
8188
8199
8231
8241
8260
8258
8324
8323
8367
8366
8397
8403
8432
8434
8453
8464
8466
8480
8501
8523
8531
8536
8547
8557
8928
8936
8955
8962
8945
8970
8979
9020
9038
9042
9057
9061
9064
9097
9114
9120
9123
9132
9142
9166
9164
9169
9172
9191
9193
9268
9278
13936
13956
13983
13988
13995
14020
14019
14030
14068
14079
14110
14112
14118
14131
14160
14172
14181
14216
14224
14237
14256
14273
16787
16814
16816
16825
16838
16835
16843
16867
16875
16873
16877
16885
16878
16924
16922
16944
16984
16989
17014
17032
17039
17041
17045
17054
17082
17077
17099
17104
17098
17126
17135
17139
17149
17177
17174
17226
17252
17272
17281
17315
17314
17329
17331
17336
17374
17403
17414
17418
17443
17458
17484
19687
19726
19762
19786
19785
19817
19861
19909
19903
19912
19924
19934
19944
19946
19960
19981
19992
19986
22516
22529
22496
22558
22569
22600
22620
22608
22624
22627
22632
22648
22661
22672
22683
22682
22704
22711
22717
22743
22794
22789
22782
22815
22813
22826
22824
22838
24290
24316
24326
24337
24335
24365
24382
24381
24390
24416
24427
24457
24527
24553
24557
24570
24586
24588
24594
24617
24613
24621
24626
24633
25011
25010
25027
25034
25058
25079
25103
25123
25131
25136
25168
25172
25169
25190
25230
25238
25240
25250
25261
25289
25341
17499
17518
17515
17531
17539
17563
17575
17582
17619
17620
17637
17638
17639
17653
17667
17701
17714
17726
17751
17773
17808
17809
17815
17806
17836
17840
17838
17843
25710
25705
25708
25721
25741
25753
25754
25778
25800
25796
25809
25815
25826
25860
25857
25915
25946
25948
25958
25977
25975
25991
26003
26004
26026
26035
26043
27139
27150
27164
27165
27178
27187
27189
27202
27215
27209
27237
27242
27246
27251
27279
27338
27354
27363
27364
27378
27379
27383
27392
27404
27418
27436
27457
27468
27463
27473
400
414
420
449
472
467
497
507
508
521
525
543
533
544
548
556
560
609
601
629
645
680
707
5362
5356
5376
5375
5388
5410
5426
5433
5434
5477
5487
5485
5502
5511
5505
5519
5520
5529
5531
5555
5560
5580
5623
5677
5722
5726
5761
5786
5793
5795
5868
5880
5884
5941
5950
5952
5955
5967
5982
5986
5994
6015
6026
6030
6007
6062
6065
6085
6104
6124
6129
6133
6142
6149
6164
6203
6195
6200
6224
6249
6263
6273
6278
6313
6316
6322
6367
6370
6373
6375
6394
6399
6383
6392
6416
6411
10716
10823
10827
10851
10849
10861
10888
10892
10904
10895
10903
10921
10923
10935
10980
12522
12521
12558
12553
12582
12590
12611
12660
12667
12681
12701
12706
12724
12732
12738
12781
12797
12795
12807
12802
12820
12837
12830
12852
15721
15723
15737
15753
15761
15773
15799
15798
15819
15817
15827
15832
15839
15859
15855
15867
15889
15883
15901
15917
15930
15946
15948
15957
15971
16029
16036
16063
16058
16054
26783
26792
26813
26840
26856
26865
26906
26938
26947
26968
26993
27001
27003
27010
27025
27020
27039
27065
27088
27097
27111
