27453
27504
27529
27621
27629
13398
13584
13657
13687
13689
13709
14099
14156
14224
14279
14302
14321
14386
14406
14425
14424
24218
24453
24521
16260
16300
16346
16356
16433
16504
16531
16583
27948
27964
28054
30350
30378
30413
30436
30539
30564
30662
30671
16626
16659
16660
16678
16725
16855
6971
6968
7005
7007
7166
7196
10940
10968
11118
11122
11144
29264
29366
29382
29421
29491
29503
29591
39805
39864
39863
39890
39944
17403
17422
17421
17480
17564
17610
17637
11936
11964
12075
12088
12126
12163
31058
31052
31088
31090
31194
31249
31277
31287
31291
31298
31348
31839
32024
32031
32053
32067
32093
32116
33320
33343
33404
33405
33474
33516
33523
33534
34025
34028
34065
34103
34112
34212
34238
34235
34677
34766
34783
34818
34864
34897
34992
36521
36517
36544
36629
36640
36652
36775
36774
36851
36904
37019
37064
37065
37091
37108
37158
10111
10229
10272
15179
15181
15211
15222
15323
15346
15404
15463
11245
11273
11347
11460
11479
11520
17759
17789
17817
17865
17918
18004
18006
18001
18039
18087
18091
18187
18182
18258
18280
18277
18299
18833
18855
18863
18875
18925
18926
19021
19126
19571
19601
19641
19662
19700
19812
20286
20293
20397
20524
20569
20603
20636
20704
20700
20709
20750
20759
20825
21388
21455
21529
21621
22405
22425
22454
22484
22529
22549
22725
24606
24657
24687
24706
24806
24851
24859
24871
24891
14448
14556
14651
14665
14677
14737
24963
24978
25098
25150
25183
25301
25313
25345
25376
25403
25497
25522
25580
26079
26132
26155
26173
26188
26222
26289
26280
26297
26329
26340
26353
21034
21090
21146
21154
21234
23466
23506
23515
23586
23612
23702
23791
25647
25661
25703
25746
25745
25792
25867
25924
25927
25952
28561
28563
28559
28711
28786
28861
28894
28909
28944
28989
29018
29108
29142
29659
29756
29837
29864
29887
29937
29970
29984
30095
30099
30131
30141
30151
30194
30245
30316
30324
15891
15938
15957
16057
16107
16116
16161
16169
16170
30799
30815
30823
30834
30913
30938
30951
30965
31041
31416
31497
31505
31522
31578
31651
31662
31750
31756
32518
32584
32632
32680
32673
32719
32739
32845
34331
34419
34423
34449
34458
34507
34538
34556
34573
34656
35018
35111
35220
35364
35535
35556
35601
35615
36101
36170
36167
36184
36197
36192
36233
36249
36332
36354
36357
36405
36455
37196
37226
37367
37455
37529
37593
37634
37636
37701
37702
37710
37757
37764
37767
37809
37839
37882
39046
39102
39101
39106
39181
39427
39486
39567
39578
39663
39687
1527
1534
1528
1609
1677
1800
5081
5194
5226
5258
5273
5334
5814
5837
5868
5891
5979
6019
6044
6079
6106
7227
7252
7334
7356
7459
7457
7467
7495
7533
7966
8219
8254
8295
8340
8400
8511
8522
8598
3274
3346
3440
3467
3458
11595
11778
11841
11900
11901
12663
12694
12774
12980
21676
21708
21781
21916
21953
21952
13035
13058
13073
13181
13188
13241
13245
13344
13764
13772
13830
13829
13827
13888
13948
13944
13956
13967
14005
14020
14061
14905
14915
14964
14989
14995
15050
15081
15142
15148
15599
15627
15654
15663
15665
15751
15819
15841
16996
17024
17064
17092
17104
17192
17199
17204
17219
17306
18468
18524
18555
18714
19885
19911
20046
20083
20119
20147
22035
22075
22086
22144
22163
22171
22205
22221
27100
27142
27215
27220
27231
27237
27256
27279
27309
27398
28206
28256
28273
28385
22777
22830
22854
22903
22931
22954
22974
23008
23017
23080
32172
32316
32432
32453
32464
32884
32903
32926
32937
32967
33000
33054
33084
33144
33147
38669
38671
38825
38855
38892
38898
38900
38978
38979
26538
26553
26550
26572
26575
26706
26742
26748
26766
26828
26880
26881
26953
26973
26963
27011
27055
33622
33663
33732
33748
33773
33819
33839
33847
33858
33870
33883
35756
35884
35911
35928
35965
35992
37912
37972
38017
38019
38076
38124
38197
38220
38235
38336
38381
38480
38486
38534
3
37
34
40
60
139
144
293
351
23254
23263
23271
23331
23345
23363
23371
23436
500
520
631
676
791
796
893
1000
1030
1039
1044
1062
1078
1807
1810
1893
1894
1984
1987
2013
2027
2080
2084
2086
2190
2214
2217
2234
2320
2331
2377
2461
2479
2504
2612
2627
2719
2802
2810
2901
2907
2912
2953
3005
3100
3116
3134
3691
3711
3726
3821
3873
3919
3945
3956
3965
4009
4062
4087
4283
4387
4416
4479
4496
4527
4534
4629
4688
4786
4785
4837
4863
4890
4893
5007
23862
23909
23929
23973
23980
24115
5456
5467
5501
5512
5523
5537
5591
5602
5650
5728
5727
5751
5772
6226
6230
6253
6277
6289
6408
6437
6497
6624
6629
6679
6745
6782
6798
6851
7609
7710
7739
7794
7831
7872
7893
7905
8734
8741
8743
8757
8768
8799
8852
8869
8965
9022
9203
9208
9262
9367
9562
9583
9611
9625
9656
9664
9735
9870
9879
9904
9914
10002
10044
10049
10064
10091
10095
10487
10517
10518
10543
10582
10608
10665
10720
10830
12308
12335
12461
12460
12543
12556
12587
12611
12623
12626
