18285
18286
18290
18301
18314
18365
18419
18431
18430
18439
18450
18459
18507
14595
14676
14684
14694
14771
14769
14795
14838
14883
15774
15807
15877
20435
20448
20443
20546
20542
20586
20604
20616
20617
20631
20653
20683
20720
20707
20726
20740
20769
20788
20826
20881
20937
21001
21025
21059
21062
21064
21071
21084
21101
26965
26993
27029
27153
27154
27159
27210
27246
27253
30589
30618
30622
30711
30772
30786
30793
30795
30826
30853
30939
34960
34981
34989
34985
34998
35019
35057
35052
35087
35149
35171
35175
35204
35229
35257
35288
39319
39356
39363
39380
39413
39513
39522
39532
39561
39603
39615
39626
16422
16433
16439
16476
16498
16523
16540
16559
16562
16579
16606
16636
16660
16687
16701
16695
16732
37859
37953
38035
38083
38081
38107
38118
38173
38189
38197
38218
38220
18584
18591
18598
18613
18666
18702
18687
18707
18738
18765
18788
18799
18824
18836
18853
18873
6622
6646
6699
6711
6720
6756
6761
6796
6791
6832
6872
6879
6909
6911
23336
23374
23300
23393
23432
23445
23450
23470
23478
23526
23579
23601
23613
19745
19841
19844
19877
19896
19928
19941
19953
19987
19984
19997
20020
21906
21898
21928
21954
22026
22187
22180
22198
22986
22998
23051
23073
23097
23085
23099
23117
23146
23236
24039
24059
24101
24137
24167
24211
24231
24268
24284
24317
24337
24392
24414
24416
24423
24466
24486
24549
24670
24730
27701
27810
27847
27838
27941
27990
28017
28026
28041
28062
28161
28212
28221
28255
28260
28337
28366
12400
12448
12475
12503
12603
29188
29223
29219
29244
29290
29345
29383
29403
29473
29521
29547
29577
29637
29644
29710
29763
29759
29800
29805
31322
31393
31408
31417
31441
31465
31520
31540
31547
31549
31598
31636
31677
31697
31740
31750
31861
31880
31935
33176
33229
33251
33282
33316
33329
33335
33363
33400
33402
33406
33521
33542
33586
33601
33604
33635
33697
33723
33769
33778
33775
33797
33800
33821
33862
33884
33932
33929
34113
34610
34620
34631
34637
34643
34646
34694
34735
34733
34734
34738
34745
34759
34771
34800
34835
34844
34868
34881
34890
34923
34932
12773
12792
12809
12814
12873
12960
12988
12997
12992
13025
13035
13092
13096
37146
37153
37161
37183
37187
37212
37254
37304
37308
37438
37440
38595
38613
38633
38651
38661
38657
38682
38726
38733
38758
38799
38804
38818
38842
38848
38867
38882
38899
38943
374
406
403
430
425
479
496
506
540
593
627
632
658
680
697
709
717
754
764
805
883
885
925
948
986
1465
1514
1520
1549
1574
1622
1647
1739
1782
1810
1817
2205
2269
2284
2363
2365
2430
2464
2476
2505
2520
2546
4793
4884
4898
4929
4993
5042
5061
5495
5574
5610
5683
5693
5730
5735
5775
5778
5800
13154
13175
13193
13204
13313
13324
13385
13436
13450
6191
6195
6207
6201
6212
6213
6221
6288
6334
6364
6391
6392
6424
6440
6474
6477
6506
8379
8400
8433
8447
8463
8492
8504
8505
8541
8549
8576
8588
8599
8607
8605
8685
8702
8727
9107
9121
9127
9152
9184
9204
9200
9244
9324
9354
9368
9375
9380
9388
9399
9829
9845
9856
9922
9931
9932
9963
10005
10054
10147
13857
13998
14014
14052
14086
14091
14097
14115
14121
14131
14137
14136
14156
14163
14173
14225
14293
14297
14313
14312
14327
14350
14375
14385
14376
14408
14413
14439
14443
14537
16771
16790
16834
16878
16890
16935
16966
17026
17028
17051
17066
17074
17086
17102
17176
17173
17172
17254
17267
17440
17461
19351
19361
19388
19417
19445
19461
19459
19481
19482
19500
19549
19596
14931
14979
15020
15055
15081
15086
15137
15150
15154
15197
15255
21119
21133
21141
21151
21213
21254
21276
21290
21303
21382
21393
21437
22315
22354
22378
22401
22458
22465
22508
22538
22587
22582
22739
22737
22738
22759
22848
22892
23712
23803
23821
23852
23904
23908
23923
23958
23955
23968
23982
24024
28757
28781
28794
28832
28836
28852
28895
28929
28967
28981
28997
29025
29052
29085
29091
29090
30252
30286
30296
30308
30357
30471
30515
30524
30553
32102
32109
32115
32164
32174
32195
32219
32250
32360
35748
35772
35854
35865
35936
35945
35944
35955
35987
36005
36018
37499
37501
37510
37575
37640
37656
37721
37834
38240
38243
38282
38341
38371
38366
38527
39026
39077
39113
39176
39276
39273
39303
1
10
29
85
94
102
117
200
252
255
265
319
348
3659
3698
3735
3773
3800
3842
3900
3931
3986
3984
3990
5832
5867
5874
5884
5889
5919
5968
6016
6031
6045
6079
6096
6177
6934
6970
6966
6981
6995
7087
7140
7152
7175
7199
7229
7253
7258
7315
7335
7333
7348
7344
7415
7417
7430
7506
7525
7552
7557
7618
7676
7706
7761
7771
7841
7904
7928
7957
8036
8080
8142
8146
8169
8188
8191
8241
8259
8287
8315
8332
8345
8364
8770
8805
8815
8837
8936
8955
8985
9081
9092
11295
11330
11341
11357
11537
11584
11586
11613
16037
16069
16081
16089
16146
16159
16157
16207
16216
16230
16246
16304
16333
16356
16360
29875
29890
29917
29925
29931
29958
30002
30037
30036
30142
30153
30173
30181
30992
31002
31030
31070
31073
31148
31238
31244
31253
32417
32445
32488
32511
32520
32519
32562
32575
32607
32604
32617
32637
32651
32687
36037
36062
36063
36178
36186
36198
36272
36269
36294
36333
36326
11655
11669
11684
11680
11698
11727
11820
11848
11904
11908
11956
11997
12013
12060
12124
12171
12235
12272
12326
12339
12358
12368
25489
25491
25529
25550
25573
25580
25586
25596
25603
25644
25660
25668
25670
25735
25755
25773
25792
25821
25834
25839
25885
25909
25906
26023
26026
26084
26157
26176
26193
26580
26594
26610
26606
26649
26713
26783
26795
26850
26883
26915
26920
26933
32869
32872
32878
32887
32915
32916
32959
33055
33096
33091
17515
17523
17541
17601
17621
17689
17730
17740
17786
17776
17797
17799
17798
17831
34262
34279
34274
34325
34329
34394
34410
34469
34523
34540
34573
34577
39693
39698
39728
39727
39766
39797
39818
39846
39932
39969
39972
1861
1872
1915
1919
1953
1968
1987
2025
2068
2099
2153
2156
2184
2570
2625
2655
2663
2677
2695
2754
2759
2758
2775
2780
2786
2798
2843
2899
2936
3019
3025
3047
3064
3071
3074
3079
3094
3130
3147
3192
3200
3259
3278
3297
3330
3350
3387
3442
3462
3463
3453
3464
3504
3520
3549
3585
3608
3629
4370
4390
4484
4510
4540
4571
4593
4599
4615
4692
4697
5184
5202
5212
5209
5258
5282
5288
5283
5363
5418
21491
21582
21591
21721
21732
21754
21776
21783
21833
24755
24873
24918
24963
25000
25057
17901
17891
17915
17947
17958
17969
18003
18008
18038
18058
18081
18154
25141
25259
25261
25270
25288
25296
25289
25286
25290
25297
25374
25386
25480
26243
26424
26481
26492
26534
26569
36818
36834
36866
36906
36931
36969
37005
37054
37060
37065
37082
37105
37112
27393
27406
27414
27430
27433
27464
27475
27480
27489
27506
27545
27632
20059
20155
20229
20263
20283
20352
20378
1094
1116
1125
1120
1141
1158
1185
1197
1240
1401
1419
10276
10288
10311
10331
10335
10345
10353
10376
10378
10468
10498
10503
10525
10544
10553
10607
10631
10639
10648
10665
10677
10712
10751
10755
10907
10909
10947
11037
11113
11111
11154
11187
11191
11219
11271
13492
13562
13642
13682
13684
13698
13809
13812
