1070
1083
1098
1093
1112
1123
1121
1125
1126
1139
1142
1155
1159
1179
1192
1205
1211
1215
1232
1240
1247
1258
1263
1281
1275
1282
1294
1293
1290
1288
1302
1309
1312
1315
1321
1329
1366
1342
1367
1347
1379
1414
1418
31599
31616
31638
31637
31645
31663
31653
31674
31673
31680
31672
31701
31708
31711
31721
31724
31726
31737
31744
31754
31767
31771
31803
31804
31832
31841
31845
31855
31850
31871
31888
31889
31899
31905
31931
31932
31939
31942
32668
32673
32677
32681
32688
32704
32701
32707
32714
32712
32713
32728
32736
32745
32754
32767
32781
32780
32801
32809
32812
32822
32829
32847
32841
32853
32868
32867
32864
32881
32872
32894
32921
32918
32916
32927
32931
32929
32935
32949
32964
32983
32985
32981
32991
33001
34438
34436
34441
34447
34445
34485
34510
34509
34520
34527
34564
34575
34581
34579
34585
34587
34588
34599
34593
34605
34602
34629
34646
34659
34676
34674
34696
34713
34750
34756
34772
34777
34781
34783
35158
35173
35185
35189
35194
35204
35199
35202
35229
35262
35271
35267
35279
35309
35324
35336
35332
35339
35333
35347
35356
35395
35404
35412
35426
35439
35442
35436
35454
35450
35462
35469
35471
35473
35489
35485
35501
35508
35511
35514
35521
35536
35543
35559
35572
35635
35637
35642
35662
35683
35687
35702
35708
35724
35748
35745
35751
35757
35771
35770
35780
35786
35804
35806
35809
35810
35821
35834
35838
35842
35860
35875
35887
35902
35909
35923
35937
35936
35947
35957
35953
35963
35988
35984
36001
36012
36010
36024
36020
36023
36033
36041
36054
36053
36059
36064
36060
36067
36071
36082
36086
36098
36099
36110
36103
36115
36126
36143
36144
36170
36176
36184
36208
37283
37276
37284
37281
37286
37297
37335
37343
37363
37369
37372
37370
37398
37391
37410
37419
37425
37422
37429
37450
37448
37455
37457
37461
37476
37473
37482
37488
37496
37508
37531
37538
37551
37564
37561
37574
37580
37579
37594
37607
37606
37617
37618
37627
37634
37645
37637
37642
37664
37685
37687
37718
37717
37730
37737
37746
37787
37794
37797
37799
37805
37816
37823
37814
37834
37836
37838
37841
37837
37848
37860
37855
37868
37866
37875
37874
37877
37886
37894
37893
37906
37911
37915
37912
37918
37931
37932
37950
37959
37965
37975
37996
38014
38028
38029
38057
38058
38065
38077
38089
38092
38111
38108
38129
38133
38127
38140
38145
38161
38169
38158
38171
38167
38174
38186
38203
38204
38217
38218
38233
38250
38245
38280
38282
38298
38297
38295
38314
38335
38332
39061
39059
39067
39068
39081
39086
39113
39115
39136
39148
39162
39177
39169
39180
39197
39211
39226
39232
39246
39247
39250
39290
39303
39304
39322
39324
39329
39339
39360
39374
39398
3201
3231
3230
3242
3254
3283
3277
3300
3306
3330
3327
3340
3336
3355
3359
3353
3358
3356
3361
3368
3381
3398
3410
3412
3430
3435
3441
3477
3485
3503
3513
3518
3514
3521
3533
3539
39407
39410
39434
39438
39449
39458
39471
39489
39487
39524
39532
39580
39600
39605
39614
39622
39649
39663
39673
39684
39693
39699
39715
39730
39739
39736
39750
39747
39759
5692
5691
5705
5740
5744
5765
5759
5776
5779
5801
5803
5807
5810
5824
5828
5830
5832
5831
5835
5834
5846
5848
5861
5868
5888
5885
5895
5894
5942
5950
5973
5980
5974
5988
5998
6002
6013
6023
22723
22731
22741
22744
22760
22766
22772
22779
22805
22803
22817
22823
22860
22847
22858
22861
22877
22885
22890
22884
22894
22897
22893
22914
22920
22945
22949
22948
22961
22974
22984
22999
22998
23024
23033
23049
23048
23055
23066
23072
21665
21679
21695
21708
21729
21738
21763
21769
21780
21790
21783
21805
21804
21818
21826
21866
21870
21882
21904
21916
21920
21919
21960
21965
21982
21991
22009
33732
33726
33742
33746
33748
33757
33756
33789
33840
33846
33855
33856
33861
33873
33877
33890
33902
33915
33907
33921
33941
33938
33957
33964
33960
33990
34013
34004
34008
34016
34029
34034
34045
34047
34053
34059
34063
34075
34079
34077
3913
3910
3917
3921
3928
3923
3937
3943
3952
3962
3976
3979
3975
3985
4017
4036
4033
4045
4041
4056
4058
4064
4076
4073
4074
4080
4092
4096
4116
4118
4121
4134
4127
4135
4148
4159
4160
4161
4166
4179
4192
4194
4219
4217
4214
4225
4239
4238
4244
4243
4255
5003
5002
5010
5018
5021
5026
5032
5039
5046
5049
5067
5065
5076
5084
5091
5104
5107
5138
5132
5136
5152
5168
5179
5184
5208
5207
5229
5251
5254
5265
5273
5300
5305
5319
5321
5317
6406
6416
6432
6439
6433
6443
6445
6456
6465
6470
6467
6472
6478
6485
6490
6498
6522
6517
6527
6549
6569
6567
6606
6609
6616
6626
6634
6629
6641
6657
6681
6713
6717
6724
6730
6736
6734
6742
6749
6761
6756
6779
6777
6782
6804
6806
6840
6855
6860
6862
6868
6905
6931
6932
6952
6955
6954
6962
6961
6964
6982
6990
6987
7009
7025
7011
7032
7038
7039
7065
7076
7069
7067
7080
7087
7094
9589
9617
9620
9622
9631
9634
9632
9642
9658
9665
9671
9666
9679
9709
9716
9712
9717
9722
9731
9753
9767
9771
9781
9792
9808
9831
9838
9837
9843
9841
9863
9868
9871
9884
9916
9902
9922
9926
9921
9925
9904
9929
9933
10662
10666
10667
10674
10673
10676
10677
10689
10699
10708
10715
10756
10759
10763
10772
10780
10778
10795
10804
10799
10815
10836
10846
10868
10871
10873
10882
10887
10892
10922
10934
10925
10936
10950
10965
10962
10979
10987
10992
12466
12513
12522
12538
12533
12552
12550
12566
12570
12573
12589
12591
12609
12616
12621
12622
12628
12642
12651
12660
12673
12689
12695
12701
12697
12725
12729
12749
12763
12762
12776
12769
13136
13156
13157
13160
13140
13181
13179
13184
13185
13192
13213
13229
13233
13230
13247
13248
13252
13274
13278
13310
13315
13312
13326
13337
13340
13348
13351
13368
13386
13409
13366
13421
13420
13422
13430
13440
13441
13469
13465
13471
13472
13487
13489
13490
4267
4265
4283
4287
4291
4296
4306
4315
4321
4326
4351
4349
4354
4361
4366
4385
4386
4419
4420
4423
4433
4447
4442
4453
4458
4475
4478
4477
4491
4490
4497
4537
4543
4549
4553
4555
4584
4595
4600
20605
20614
20610
20633
20639
20637
20666
20665
20694
20707
20703
20716
20718
20749
20748
20758
20774
20781
20802
20814
20823
20820
20825
20835
20839
20827
20866
20869
20885
20864
20857
20895
20896
20898
20903
20909
20916
22373
22383
22386
22392
22367
22398
22413
22411
22426
22427
22430
22440
22439
22456
22457
22462
22466
22474
22478
22486
22491
22503
22525
22529
22559
22562
22572
22584
22598
22600
22611
22616
22625
22639
22644
22649
22652
22655
22665
22672
22677
22683
22687
22693
22699
22714
22710
25566
25561
25567
25584
25594
25593
25597
25599
25618
25624
25628
25643
25653
25656
25664
25673
25685
25695
25709
25707
25713
25717
25728
25730
25734
25740
25746
25755
25758
25764
25768
25770
25774
25804
25807
25820
25826
25836
25843
25858
25856
25859
25866
25874
25877
25900
25910
1422
1440
1444
1450
1457
1460
1477
1476
1484
1491
1497
1508
1523
1510
1528
1533
1549
1559
1564
1585
1608
1614
1626
1630
1651
1648
1652
1663
1682
1681
1687
1705
1713
1716
1724
1730
1759
1773
2499
2487
2504
2517
2521
2518
2531
2537
2550
2554
2552
2573
2565
2574
2571
2591
2616
2621
2613
2630
2623
2634
2653
2664
2671
2706
2713
2712
2719
2731
2742
2747
2744
2759
2760
2778
2780
2794
2826
2824
2830
7457
7462
7475
7468
7500
7496
7503
7506
7513
7511
7518
7516
7529
7540
7574
7578
7571
7575
7596
7597
7609
7603
7610
7611
7617
7641
7648
7654
7674
7671
7675
7703
7705
7713
7716
7740
7732
7739
7729
7765
7767
7773
7781
7786
7796
7801
7806
8885
8899
8903
8901
8909
8914
8916
8934
8928
8937
8949
8946
8959
8984
8999
9028
9038
9052
9060
9057
9078
9082
9087
9104
9127
9125
9131
9138
9150
9157
9147
9144
9166
9179
9186
9190
9210
9202
9228
9224
9252
9260
9258
9262
9269
9281
9276
9285
9306
9331
9329
9333
9340
9354
9375
9381
9376
9379
9387
9395
9401
9400
9404
9427
9459
9471
9473
9482
9486
9494
9523
9524
9528
9548
9544
9545
9564
9581
9941
9942
9961
9970
9965
9975
9992
10006
10005
10019
10016
10021
10022
10053
10068
10072
10091
10104
10115
10129
10146
10143
10162
10163
10185
10183
10194
10200
10214
10219
10227
10231
10254
10258
10267
10265
5
14
23
37
38
53
58
63
76
82
98
100
102
105
141
148
160
176
180
205
219
215
223
243
246
260
259
273
277
307
310
320
329
331
347
11009
11016
11027
11028
11035
11060
11067
11079
11095
11101
11108
11142
11136
11148
11155
11168
11216
11223
11229
11238
11234
11251
11270
11276
11287
11293
11298
11300
11307
11317
11314
11316
11330
11340
11346
11720
11719
11726
11741
11748
11765
11772
11784
11790
11789
11799
11807
11810
11805
11823
11814
11817
11830
11836
11854
11863
11866
11873
11875
11876
11878
11877
11887
11896
11906
11905
11934
11951
11947
11961
11953
11974
11979
11983
12002
12008
12005
12009
12018
12050
12069
12077
12084
12085
12093
12109
12124
12136
12145
12143
12155
12167
12193
12214
12222
12229
12232
12235
12246
12244
12248
12261
12262
12297
12291
12302
12298
12303
12324
12330
12363
12398
12395
12403
12405
12408
12411
12785
12797
12800
12792
12807
12810
12833
12843
12842
12886
12889
12896
12916
12923
12927
12932
12947
12958
12968
12990
12988
12992
12998
13006
13004
13017
13030
13037
13029
13034
13062
13063
13064
13069
13050
13074
13075
13061
13093
13094
13098
13105
13108
13123
13496
13502
13505
13507
13520
13518
13535
13532
13538
13545
13544
13552
13555
13557
13559
13567
13582
13596
13639
13646
13652
13651
13664
13669
13689
13715
13728
13732
13726
13767
13757
13781
13777
13783
13758
13763
13779
13797
13810
13830
13831
13837
13841
13844
13847
13863
13861
13871
13875
13887
13879
13884
13885
13889
13898
13902
13933
13941
13960
13992
13996
14012
14021
14037
14041
14053
14065
14063
14069
14074
14082
14087
14100
14101
14107
14113
14121
14127
14128
14129
14146
14176
14160
14173
14192
14194
14197
14206
14212
14207
14219
14220
14224
14226
14240
14243
14255
14253
14257
14274
14281
14278
14296
14303
14322
14325
14341
14351
14343
14384
14382
14388
14402
14411
14418
14425
14443
14459
14462
14474
14476
14475
14495
14492
14496
14510
14505
14490
14525
14540
14538
14535
14543
14548
14550
15625
15661
15655
15656
15695
15697
15713
15719
15718
15735
15745
15751
15768
15769
15770
15781
15798
15802
15813
15824
15827
15826
15828
15831
15847
15846
15862
15877
15893
15864
15899
15911
15885
15929
15943
15959
15964
15974
15973
15998
15989
16007
16005
16004
16011
16022
15976
16030
16073
16072
16070
16086
16091
16089
16094
16099
16101
16103
16104
16107
16106
16115
16123
16131
16146
16143
16145
16151
16164
16167
16170
16168
16171
16201
16213
16210
16221
16224
16231
16202
16246
16245
16247
16255
16300
16285
16302
16319
16325
16327
16348
16352
16363
16371
16401
16417
16455
16457
16449
16462
16468
16472
16476
16471
16508
16507
16511
16516
16527
16538
16571
16575
16572
16588
16591
16596
16597
16603
16615
16625
16630
16618
16631
16645
16670
16674
16678
362
372
376
377
384
394
361
425
434
452
469
470
478
477
489
502
501
510
528
526
536
550
541
547
545
562
571
574
572
585
587
595
615
611
620
584
627
637
636
635
639
656
625
661
692
697
693
707
16691
16686
16705
16714
16719
16724
16736
16748
16757
16754
16771
16776
16774
16781
16772
16783
16787
16792
16790
16806
16818
16846
16870
16877
16903
16911
16918
16936
16943
16937
16940
16945
16957
16951
16958
16949
16953
16982
16988
17007
17001
17003
17009
17021
17014
17018
17038
17036
17067
17077
17087
17111
17109
17112
17113
17118
17134
17152
17156
17170
17168
17194
17195
17205
17203
17214
17219
17228
17248
17249
17255
17274
17271
17279
17281
17293
17303
17321
17319
17331
17351
17358
17362
17368
17380
17389
17384
29466
29474
29482
29493
29501
29508
29512
29517
29524
29519
29531
29526
29529
29543
29545
29553
29550
29581
29608
29606
29636
29641
29642
29647
29655
29672
29681
29700
29707
29704
29718
29733
29717
29737
29732
29738
29749
29754
29756
29757
29764
29772
29774
29778
29782
29794
29799
29814
30190
30185
30197
30202
30220
30215
30223
30218
30222
30237
30235
30240
30239
30255
30264
30298
30314
30336
30351
30349
30348
30354
30366
30364
30380
30385
30386
30382
30388
30400
30407
30413
30417
30419
30445
30451
30455
30460
30449
30456
30450
30472
30476
30481
30488
30489
30493
30505
30528
5328
5338
5344
5347
5351
5379
5381
5368
5394
5405
5403
5411
5426
5430
5438
5436
5469
5468
5495
5504
5523
5515
5525
5529
5539
5544
5560
5567
5573
5584
5589
5596
5609
5623
5616
5641
5639
5647
5652
5654
5672
5676
5680
5677
8188
8199
8214
8220
8228
8233
8237
8250
8252
8270
8277
8279
8275
8295
8299
8302
8307
8329
8331
8349
8380
8385
8409
8432
8441
8460
8466
8478
8506
8505
8518
11369
11370
11380
11433
11368
11361
11457
11452
11458
11456
11469
11468
11481
11491
11494
11508
11515
11513
11525
11530
11539
11544
11566
11591
11609
11626
11620
11629
11645
11648
11654
11667
11670
11676
11691
11692
11693
11694
11703
11712
14933
14937
14939
14935
14951
14945
14948
14953
14967
14983
14994
14995
14998
15006
15011
15016
15025
15043
15048
15058
15063
15081
15112
15136
15147
15159
15187
15191
15194
15185
15200
15219
15223
15241
15239
15243
15257
20238
20244
20247
20256
20261
20285
20293
20295
20304
20322
20334
20336
20344
20367
20376
20375
20373
20406
20409
20420
20422
20433
20442
20445
20457
20462
20471
20472
20481
20488
20495
20502
20494
20512
20518
20527
20536
20560
20568
20572
20582
20953
20955
20961
20972
20996
21009
21033
21047
21067
21073
21068
21083
21100
21107
21130
21156
21164
21160
21159
21167
21174
21169
21204
21207
21210
21214
21222
21230
21238
21239
21245
21248
21218
21261
21291
21296
713
718
741
744
762
763
773
781
778
774
804
801
806
824
822
830
827
850
861
864
869
876
878
884
891
898
906
926
945
954
968
981
974
980
1002
1005
1011
1015
24152
24159
24162
24170
24187
24185
24199
24202
24210
24226
24228
24239
24265
24270
24262
24274
24277
24278
24306
24314
24328
24333
24334
24343
24345
24347
24353
24370
24378
24380
24379
24398
24405
24407
24403
24416
24426
24447
24415
24464
24459
24469
24476
24474
24852
24877
24856
24854
24896
24893
24908
24921
24927
24940
24939
24938
24946
24959
24996
24985
24999
25008
25022
25030
25033
25034
25040
25042
25055
25052
25054
25057
25072
25078
25080
25081
25085
25093
25102
25108
25139
25141
25154
25159
25163
25170
25173
25181
25196
25195
18831
18829
18840
18844
18845
18857
18862
18865
18864
18868
18873
18871
18878
18881
18903
18915
18916
18928
18937
18945
18944
18965
18969
18970
18981
18979
18982
18980
18994
19000
19003
19017
18997
19016
19034
19031
19032
19047
19044
19039
19049
19057
19061
19067
19066
19099
19109
19095
19121
19129
19136
19118
19144
19145
19160
19164
19180
19185
19218
19225
19219
19235
19176
19250
19261
19273
19277
19276
19279
19282
19305
19312
19314
19311
19326
19381
19383
19385
19391
19389
19402
19418
19434
19463
19466
19491
19490
19498
19508
19509
19524
19520
22030
22028
22034
22055
22063
22066
22061
22084
22079
22080
22086
22093
22098
22112
22127
22136
22145
22152
22153
22175
22189
22211
22193
22207
22214
22228
22231
22234
22243
22262
22270
22281
22321
22329
22354
22360
22362
30886
30891
30899
30906
30936
30937
30942
30948
30965
30978
30979
30984
31002
31004
30999
31007
31010
31018
31030
31024
31043
31042
31054
31058
31067
31069
31070
31076
31087
31089
31090
31100
31110
31115
31135
31139
31155
31162
31170
31185
31184
31189
31190
31213
31224
34081
34089
34114
34116
34083
34119
34123
34138
34148
34162
34163
34168
34167
34170
34175
34176
34190
34201
34202
34208
34227
34231
34267
34299
34309
34320
34308
34325
34332
34342
34354
34363
34377
34387
34393
34391
34370
34416
34428
36219
36225
36233
36244
36247
36252
36253
36261
36260
36273
36274
36300
36299
36306
36318
36325
36357
36363
36378
36390
36389
36401
36395
36416
36414
36425
36432
36461
36473
36475
36484
36476
36477
36489
36498
36509
36510
36506
36514
36502
36516
36520
36519
36526
36529
36523
36527
36541
36546
36549
36927
36923
36939
36943
36941
36961
36967
36963
36966
36925
36987
36986
36985
37004
37009
37015
37021
37017
37038
37048
37045
37059
37058
37080
37079
37090
37117
37116
37132
37133
37142
37144
37158
37165
37176
37181
37187
37188
37185
37190
37215
37216
37217
37211
37224
37221
37267
15266
15271
15273
15296
15303
15315
15324
15313
15328
15339
15338
15347
15352
15374
15384
15391
15388
15378
15404
15418
15419
15449
15443
15455
15463
15498
15497
15501
15506
15510
15529
15538
15522
15566
15535
15570
15569
15575
15589
15611
15614
1786
1789
1810
1827
1843
1859
1866
1871
1892
1895
1900
1899
1918
1919
1925
1936
1934
1949
1954
1955
1968
1973
1977
1988
2013
2038
2054
2064
2043
2062
2069
2073
2089
2099
2104
2111
2126
2123
2128
27695
27693
27691
27696
27699
27715
27727
27738
27763
27781
27807
27809
27813
27818
27840
27870
27890
27902
27919
27929
27930
27944
27940
27942
27945
27962
27976
27991
27994
28000
28008
28004
28024
28018
28031
28045
14566
14563
14574
14573
14577
14590
14589
14625
14668
14669
14685
14683
14681
14696
14693
14704
14726
14721
14723
14738
14735
14742
14766
14634
14776
14793
14798
14807
14820
14812
14832
14831
14837
14847
14856
14857
14864
14884
14886
14898
14836
14839
19881
19888
19906
19920
19930
19935
19949
19955
19958
19967
19972
19970
19978
19989
19992
19996
19994
20012
20028
20022
20048
20068
20079
20090
20098
20101
20095
20126
20132
20133
20140
20156
20065
20160
20162
20172
20183
20190
20199
20200
20194
20213
20209
20223
20227
20220
20224
20231
19535
19534
19560
19563
19567
19574
19577
19584
19583
19594
19598
19600
19602
19604
19615
19608
19620
19643
19638
19648
19651
19655
19659
19657
19671
19699
19700
19717
19718
19720
19730
19732
19735
19737
19761
19764
19763
19774
19777
19781
19805
19812
19825
19837
19838
19851
19868
19872
2843
2851
2844
2861
2876
2877
2897
2901
2906
2912
2939
2946
2957
2953
2962
2974
2980
2998
2994
3006
3018
3045
3051
3055
3050
3060
3056
3075
3098
3112
3123
3129
3134
3141
3144
3161
3105
3184
3191
3193
8522
8540
8563
8566
8586
8581
8597
8599
8617
8623
8627
8634
8640
8649
8641
8661
8681
8688
8696
8702
8715
8721
8734
8744
8762
8767
8776
8796
8816
8813
8819
8820
8821
8828
8842
8849
8868
8875
39766
39772
39786
39791
39801
39796
39798
39802
39816
39824
39828
39838
39842
39840
39851
39850
39866
39867
39875
39872
39879
39893
39888
39902
39910
39917
39915
39924
39930
39941
39956
39951
39958
39964
39950
39982
39994
39992
39999
4621
4633
4629
4650
4670
4679
4694
4699
4729
4748
4754
4756
4773
4774
4783
4782
4789
4788
4800
4804
4809
4835
4853
4867
4873
4871
4885
4890
4910
4922
4934
4948
4967
7815
7826
7832
7841
7837
7850
7859
7881
7889
7902
7904
7900
7913
7931
7953
7959
7956
7964
7976
7977
7990
8009
8005
8007
8000
8019
8042
8043
8065
8068
8084
8076
8089
8094
8090
8115
8124
8126
8143
8142
8148
8159
8157
10308
10329
10340
10335
10353
10361
10371
10365
10377
10382
10391
10397
10410
10416
10422
10428
10429
10455
10461
10457
10460
10472
10475
10479
10473
10481
10498
10518
10521
10531
10532
10542
10543
10548
10559
10574
10582
10581
10591
10590
10593
10611
10607
10627
10650
2149
2153
2159
2174
2176
2191
2202
2198
2221
2229
2267
2275
2304
2302
2310
2313
2312
2317
2325
2354
2371
2373
2381
2408
2412
2398
2418
2441
2437
2457
2454
2470
2484
23078
23091
23093
23101
23094
23103
23105
23111
23121
23120
23124
23157
23146
23181
23186
23200
23195
23227
23225
23228
23231
23234
23242
23245
23250
23259
23262
23267
23268
23274
23278
23284
23314
23309
23335
23366
23376
23386
23381
23388
23384
23394
23413
23417
24497
24505
24508
24523
24534
24551
24547
24561
24558
24573
24583
24585
24592
24594
24598
24591
24605
24611
24607
24624
24629
24648
24644
24652
24656
24665
24667
24670
24678
24689
24702
24707
24714
24730
24756
24765
24769
24790
24787
24801
24805
24814
24824
24839
24840
24850
24849
32312
32311
32318
32315
32319
32336
32338
32339
32340
32355
32361
32370
32376
32408
32404
32405
32409
32427
32440
32452
32449
32453
32454
32451
32460
32467
32480
32483
32491
32506
32518
32541
32540
32558
32571
32586
32585
32588
32591
32607
32645
32655
34802
34809
34801
34807
34813
34825
34829
34834
34837
34849
34872
34870
34891
34887
34895
34896
34906
34903
34916
34923
34952
34955
34960
34995
35006
35009
35016
35012
35024
35025
35059
35067
35075
35096
35100
35102
35109
35116
35123
35126
35143
35124
38345
38349
38350
38354
38360
38367
38376
38410
38407
38427
38434
38445
38448
38454
38461
38459
38472
38484
38490
38508
38511
38514
38518
38515
38532
38536
38546
38541
38566
38572
38585
38587
38644
38659
38674
38679
38688
38681
17405
17403
17412
17416
17420
17425
17426
17436
17443
17453
17515
17545
17544
17553
17557
17563
17561
17585
17588
17583
17590
17594
17596
17597
17605
17609
17618
17615
17624
17636
17628
17652
17650
17666
17659
17660
17670
17672
17676
17675
17688
17683
17704
17714
17722
17748
17752
17771
17779
17790
17803
17805
17838
17841
17854
17855
17859
17876
17891
17889
17897
17905
17898
17903
17913
17914
17917
17923
17932
17933
17930
17940
17989
18005
18044
18047
18060
18070
18073
18081
18086
18080
18088
18085
18118
18124
18136
18145
18138
18151
18168
18163
18169
18186
18181
18194
18201
18206
18204
18222
18228
18244
18245
18257
18271
18272
18280
18290
18296
18300
18303
18302
18330
18332
18339
18347
18364
18367
18374
18394
18379
18391
18397
18400
18411
18420
18430
18428
18447
18471
18480
18482
18478
18491
18500
18520
18535
18544
18569
18562
18573
18577
18636
18640
18643
18631
18660
18667
18683
18684
18699
18705
18712
18719
18728
18729
18732
18735
18743
18745
18747
18751
18753
18761
18760
18780
18775
18782
18786
18791
18801
18804
21307
21303
21304
21302
21312
21330
21344
21374
21372
21377
21376
21397
21427
21431
21441
21447
21443
21442
21467
21480
21490
21497
21495
21526
21520
21552
21561
21565
21581
21599
21602
21603
21607
21615
21625
21628
21636
21640
3552
3559
3573
3556
3586
3607
3630
3635
3670
3675
3686
3695
3702
3706
3723
3732
3736
3741
3748
3744
3760
3754
3765
3768
3776
3779
3851
3849
3858
3860
3857
3862
3859
3861
3871
3874
3881
3886
3895
3894
3887
3902
3903
23431
23445
23448
23455
23469
23478
23485
23491
23495
23513
23520
23532
23537
23558
23554
23567
23581
23602
23626
23621
23642
23649
23648
23662
23675
23689
23726
23745
23754
23760
23767
23780
23787
23799
23796
23800
23804
23802
23805
23812
23818
23831
23823
23836
23833
23837
23843
23840
23858
23853
23863
23889
23887
23881
23890
23897
23905
23902
23921
23924
23929
23923
23933
23937
23942
23946
23954
23962
23953
23963
24002
24023
24027
24025
24040
24031
24044
24054
24059
24061
24068
24073
24100
24103
24112
24113
24127
24125
24130
24140
24137
25212
25220
25240
25274
25284
25294
25291
25304
25310
25314
25319
25316
25329
25354
25357
25367
25370
25380
25418
25441
25451
25457
25461
25472
25473
25479
25469
25491
25510
25518
25524
25533
25538
25549
25923
25933
25939
25940
25949
25945
25946
25952
25983
25998
25997
26006
26000
26011
26025
26030
26041
26049
26039
26057
26058
26061
26069
26071
26084
26083
26096
26108
26121
26126
26127
26141
26137
26142
26158
26165
26168
26172
26170
26180
26208
26218
26217
26230
26227
26232
26228
26254
26272
26288
26310
26306
26320
26313
26332
26337
26342
26346
26364
26377
26390
26442
26451
26461
26477
26483
26495
26500
26509
26510
26511
26513
26512
26530
26529
26534
26525
26527
26547
26556
26552
26568
26570
26569
26581
26579
26590
26587
26604
26617
26611
26623
26671
26666
26667
26672
26679
26699
26716
26726
26733
26739
26743
26766
26774
26778
26776
26792
26788
26791
26804
26816
26821
26828
26841
26874
26881
26901
26911
26915
26923
26927
26937
26930
26945
26943
27348
27351
27363
27356
27379
27374
27401
27398
27410
27408
27417
27426
27425
27437
27457
27456
27452
27462
27471
27478
27485
27474
27484
27503
27527
27541
27552
27553
27566
27565
27589
27587
27591
27606
27607
27629
27622
27636
27632
27642
27633
27659
27657
27662
27670
28056
28059
28067
28071
28075
28091
28095
28111
28129
28121
28130
28146
28151
28144
28158
28183
28199
28215
28217
28227
28222
28228
28225
28235
28245
28249
28279
28277
28298
28307
28304
28315
28323
28334
28330
28338
28344
28354
28358
28371
28368
28378
28393
28399
28395
28405
28406
28423
28435
28443
28439
28451
28444
28447
28449
28456
28464
28468
28467
28478
28484
28494
28508
28520
28517
28539
28548
28559
28578
28585
28590
28602
28615
28610
28620
28629
28651
28646
28661
28664
28665
28669
28675
28674
28703
28699
28701
28704
28718
28730
28728
28735
28738
28733
28743
28763
28767
28786
28802
28812
28836
28832
28844
28868
28866
28881
28873
28906
28911
28926
28944
28951
28954
28957
28973
28975
28980
28991
28999
28990
29001
29011
29016
29028
29036
29033
29037
29053
29055
29087
29093
29107
6039
6045
6087
6083
6100
6105
6115
6126
6127
6138
6134
6141
6153
6157
6171
6168
6175
6212
6214
6227
6230
6240
6235
6237
6250
6271
6260
6265
6293
6298
6306
6304
6318
6317
6313
6331
6348
6358
6360
6355
6379
6387
29125
29134
29137
29151
29155
29163
29165
29169
29180
29184
29201
29208
29204
29206
29216
29233
29237
29240
29261
29270
29279
29284
29292
29313
29315
29320
29329
29339
29342
29355
29353
29385
29394
29425
29434
29438
29446
29454
29461
29828
29831
29838
29847
29854
29863
29867
29857
29878
29897
29906
29898
29903
29923
29930
29946
29956
29959
29970
29978
29979
29983
29995
29996
29999
30007
30003
29998
30027
30029
30031
30035
30033
30042
30046
30050
30051
30062
30066
30063
30091
30100
30101
30112
30120
30119
30126
30125
30147
30171
30172
31962
31966
31980
31977
31995
31989
31992
31996
32004
32016
32027
32031
32047
32070
32095
32105
32138
32145
32152
32182
32185
32198
32213
32208
32232
32233
32254
32285
32286
32288
32287
32299
32298
32293
32300
33023
33019
33020
33031
33068
33074
33070
33076
33087
33104
33105
33115
33142
33137
33150
33159
33165
33162
33172
33178
33177
33185
33197
33207
33214
33235
33253
33249
33282
33280
33306
33312
33316
33314
33323
33338
33339
33331
33342
33359
33368
33364
33377
33373
33376
33383
33412
33435
33433
33436
33442
33450
33457
33453
33461
33458
33467
33471
33474
33491
33498
33511
33507
33513
33519
33539
33550
33575
33578
33573
33603
33608
33609
33612
33616
33627
33618
33634
33629
33636
33641
33655
33669
33679
33672
33674
33691
33704
33711
33721
33722
36568
36578
36579
36591
36592
36622
36639
36634
36657
36655
36673
36678
36679
36703
36716
36718
36725
36733
36726
36740
36751
36755
36753
36778
36772
36785
36790
36809
36823
36819
36826
36830
36836
36840
36844
36842
36858
36852
36859
36910
36913
38702
38710
38711
38724
38729
38726
38744
38749
38765
38770
38786
38784
38779
38814
38822
38825
38846
38845
38851
38859
38882
38893
38905
38908
38909
38915
38927
38929
38939
38940
38934
38935
38932
38949
38950
38975
38978
38986
38981
39004
39014
39033
39036
39035
39044
39048
26981
26991
26999
27005
27010
27014
27048
27040
27054
27058
27057
27064
27080
27076
27096
27092
27100
27156
27160
27167
27169
27178
27198
27207
27214
27230
27229
27246
27269
27278
27286
27290
27306
27310
27317
27320
27327
27328
27334
30535
30536
30557
30576
30598
30596
30609
30621
30623
30633
30644
30636
30650
30659
30660
30665
30693
30697
30711
30732
30738
30730
30742
30739
30740
30750
30749
30787
30804
30806
30800
30817
30816
30838
30849
30864
30871
31244
31251
31262
31265
31286
31293
31282
31291
31308
31315
31328
31335
31338
31340
31363
31377
31388
31406
31408
31417
31421
31430
31448
31438
31462
31479
31486
31489
31504
31541
31551
31573
31579
31586
31587
