13074
13078
13075
13077
13071
13079
13082
13080
13087
13085
13084
13083
13086
13092
13088
13093
13090
13091
13089
13096
13097
13081
13094
13099
13101
13095
13098
13104
13103
13100
13106
13109
13107
13110
13105
13076
13102
13072
13108
13070
13069
13114
13073
13116
13111
13115
13112
13113
13117
13119
13122
13118
13124
13121
13125
13131
13120
13127
13133
13123
13129
13132
13130
13128
13126
13138
13134
13140
13137
13136
13143
13135
13142
13141
13139
13144
13146
13150
13145
13149
13153
13148
13147
13160
13154
13151
13158
13155
13159
13152
13162
13157
13156
13161
13163
13164
13170
13166
13172
13168
13165
13177
13169
13167
13174
13171
13176
13178
13173
13175
13184
13179
13181
13183
13189
13182
13185
13192
13194
13191
13180
13187
13193
13188
13197
13195
13186
13198
13190
13201
13203
13196
13204
13200
13199
13202
13205
13207
13208
13215
13209
13210
13214
13212
13206
13217
13216
13213
13221
13211
13219
13223
13218
13220
13227
13225
13229
13222
13226
13234
13228
13230
13224
13236
13232
13243
13235
13238
13239
13241
13231
13237
13247
13249
13233
13242
13240
13248
13253
13244
13245
13246
13255
13252
13251
13254
13258
13257
13256
13262
13250
13261
13259
13265
13264
13270
13260
13269
13267
13272
13268
13271
13273
13266
13263
13276
13278
13275
13274
13277
13281
13280
13282
13279
13288
13290
13286
13284
13292
13289
13287
13301
13299
13294
13296
13298
13283
13300
13297
13304
13305
13295
13306
13302
13310
13303
13308
13309
13315
13285
13316
13311
13313
13314
13307
13318
13324
13322
13317
13320
13312
13321
13326
13328
13329
13319
13291
13330
13325
13293
13334
13327
13333
13323
13331
13338
13332
13337
13341
13339
13340
13344
13347
13336
13335
13346
13343
13354
13342
13345
13349
13348
13351
13350
13353
13352
13359
13358
13355
13362
13363
13357
13369
13365
13356
13360
13368
13361
13364
13374
13375
13372
13379
13377
13366
13378
13373
13381
13382
13386
13383
13387
13385
13384
13389
13390
13395
13397
13393
13388
13400
13370
13392
13394
13399
13391
13396
13398
13403
13408
13401
13402
13404
13412
13409
13407
13410
13405
13406
13411
13414
13376
13367
13415
13417
13413
13416
13418
13380
13371
13420
13427
13431
13423
13419
13421
13424
13430
13425
13426
13428
13429
13422
24688
24687
24694
24686
24691
24692
24696
24685
24693
24695
24690
24699
24700
24698
24702
24703
24697
24704
24707
24689
24708
24713
24706
24716
24701
24712
24710
24709
24715
24705
24717
24714
24711
24722
24720
24729
24721
24723
24719
24718
24726
24724
24725
24728
24732
24731
24730
24727
24735
24734
24737
24733
24738
24739
24736
24740
24743
24744
24745
24741
24749
24742
24753
24746
24750
24748
24747
24754
24758
24757
24755
24752
24751
24761
24763
24756
24765
24759
24762
24760
24766
24764
24769
24767
24772
24768
24777
24770
24773
24774
24771
24775
24778
24787
24781
24779
24776
24782
24780
24785
24786
24783
24790
24788
24791
24793
24784
24789
24792
24801
24794
24797
24798
24795
24803
24796
24802
24799
24808
24804
24810
24809
24806
24800
24813
24805
24811
24812
24807
24816
24823
24819
24814
24821
24822
24815
24817
24818
24827
24824
24829
24825
24828
24826
24820
24834
24838
24832
24830
24831
24835
24836
24843
24842
24837
24839
24841
24833
24840
24851
24848
24845
24844
24849
24846
24855
24852
24854
24847
24850
24858
24856
24863
24853
24857
24862
24861
24869
24860
24859
24877
24864
24871
24866
24865
24870
24867
24868
24876
24872
24879
24878
24873
24875
24882
24881
24874
24889
24883
24886
24887
24880
24885
24891
24894
24884
24890
24899
24888
24893
24892
24895
24900
24898
24902
24897
24903
24896
24907
24906
24910
24901
24904
24905
24911
24914
24909
24915
24908
24916
24912
24917
24918
24913
24924
24921
24920
24923
24928
24919
24927
24930
24925
24926
24932
24933
24931
24922
24936
24935
24929
24937
24944
24938
24939
24940
24949
24946
24951
24945
24942
24934
24953
24958
24955
24960
24956
24947
24941
24952
24943
24965
24948
24959
24963
24954
24961
24950
24964
24957
24966
24968
24970
24973
24962
24969
24975
24974
24971
24967
24979
24972
24978
24980
24976
24982
24983
24977
24988
24985
24986
24981
24984
24992
24991
24994
24987
24993
24990
24989
24995
25003
24998
24997
25000
25011
24996
24999
25004
25001
25002
25007
25005
25012
25010
25017
25016
25008
25006
25018
25015
25022
25013
25020
25023
25019
25025
25024
25021
25014
25009
25028
25031
25030
25029
25026
25027
25033
25039
25040
25032
25034
25037
25041
25038
25035
25042
25045
25043
25036
25047
25044
25046
